0.45343333913912015	0.42587950259909035	0.12068715826178962	
0.2267477662258638	0.5637057126461834	0.20954652112795277	
0.003911677200528421	0.31377348763631374	0.6823148351631578	
0.2553046586023455	0.34364309309054925	0.4010522483071053	
0.3439796774623295	0.30749315239662417	0.34852717014104645	
0.5909435029390091	0.2991375839519478	0.10991891310904307	
0.12337214225415176	0.19698674963093363	0.6796411081149146	
0.17186023878917805	0.6604248319415178	0.16771492926930426	
0.5481691444804092	0.32380898529744434	0.12802187022214648	
0.22834798768345374	0.4541355837665406	0.3175164285500058	
0.5090115869018574	0.419854752926244	0.07113366017189854	
0.3880821901501814	0.3734094840749899	0.23850832577482867	
0.3813440714017598	0.41489633096893636	0.20375959762930385	
0.3631962694863588	0.4318987795056026	0.2049049510080386	
0.37807729955586894	0.24287222007270315	0.3790504803714279	
0.37961374357079014	0.4300808301566039	0.19030542627260588	
0.20156609450284088	0.13816203844309227	0.6602718670540668	
0.26966040525654905	0.22518959621805418	0.5051499985253968	
0.06373026017222884	0.522510208016132	0.4137595318116391	
0.04778279552107516	0.45201718142505803	0.5002000230538668	
0.7299265401926154	0.24775265724973974	0.02232080255764483	
0.642664247049265	0.1827601087177301	0.174575644233005	
0.6442110726418778	0.11834805922766156	0.23744086813046053	
0.2647425258697134	0.43643971588187597	0.29881775824841067	
0.5410115416984148	0.3486475405564721	0.11034091774511315	
0.05397114648162813	0.4672052112351369	0.478823642283235	
0.2593978453447335	0.36707585397703557	0.3735263006782309	
0.19405443351617327	0.31446927161447963	0.491476294869347	
0.25058556911937346	0.21168339299280853	0.5377310378878181	
0.145445733565609	0.6636236988708011	0.19093056756358992	
0.1018581349048967	0.21899317168840854	0.6791486934066947	
0.4962287142948812	0.0954642453512932	0.40830704035382553	
0.11413457655893014	0.3124388960185932	0.5734265274224768	
0.3397822535908266	0.31974268833658676	0.3404750580725866	
0.3285412093421419	0.637859234100872	0.03359955655698622	
0.19861616480253183	0.776383044000246	0.025000791197222105	
0.5885635107173662	0.1702271138174933	0.24120937546514049	
0.27096060011753886	0.3572415320365674	0.3717978678458937	
0.0678117295484228	0.42417801087508766	0.5080102595764894	
0.08443480338104058	0.7716496856902787	0.14391551092868068	
0.41739073236629537	0.25269560767775573	0.329913659955949	
0.40243591442966076	0.4560056775814033	0.14155840798893599	
0.2455345004195575	0.30483398577813353	0.4496315138023091	
0.335825543639512	0.25688999758139114	0.4072844587790969	
0.21318370646540682	0.023194090588627498	0.7636222029459656	
0.4529255992416906	0.0028802052365289677	0.5441941955217805	
0.0869246754409568	0.4775994106086142	0.4354759139504289	
0.41477698171489236	0.246690562770593	0.33853245551451455	
0.2601285327945821	0.6075682298197278	0.1323032373856901	
0.2727248414111679	0.14119212073449497	0.5860830378543371	
0.052977560510422156	0.4880058440079133	0.45901659548166457	
0.4456589995410616	0.42597161696195596	0.1283693834969825	
0.486308335264	0.034601751447762986	0.4790899132882369	
0.3804872041659333	0.211704698825338	0.40780809700872866	
0.6651449985032162	0.04274180946852283	0.29211319202826097	
0.34622218513197833	0.2818696790309299	0.37190813583709176	
0.507761842367885	0.4631799790769142	0.02905817855520061	
0.20800510371525766	0.24614598693978926	0.5458489093449531	
0.3907607860052812	0.4679300207808944	0.14130919321382426	
0.7910562957457179	0.13469775769910403	0.07424594655517808	
0.28172336678421944	0.0443898495780479	0.6738867836377327	
0.008952928094586367	0.533095166720454	0.45795190518495965	
0.7500552489268054	0.17307438999671376	0.07687036107648082	
0.4212412882179181	0.03861404836929975	0.5401446634127822	
0.09742739538526943	0.5068968222921674	0.39567578232256323	
0.3092277616047976	0.36444908005728105	0.3263231583379214	
0.1395918836201731	0.18768815470913797	0.6727199616706889	
0.027422914447321617	0.3358449395807361	0.6367321459719424	
0.0006257858194284178	0.29061327644825086	0.7087609377323207	
0.3177527079347144	0.4426466426199804	0.23960064944530524	
0.1127467718839997	0.45542939884096245	0.4318238292750378	
0.3325916124802997	0.26770715534075445	0.39970123217894576	
0.4077225952497864	0.1818472979400105	0.41043010681020314	
0.4177723801124189	0.12405001700381829	0.45817760288376275	
0.13696904519612094	0.5248397323596683	0.33819122244421074	
0.37137057962913506	0.4633569827128901	0.16527243765797486	
0.5484593262278712	0.17024877665508129	0.28129189711704755	
0.4238995576899294	0.17025332053935807	0.40584712177071264	
0.4111416033111073	0.3955726658888634	0.19328573080002923	
0.4941999242727994	0.006417516694197166	0.4993825590330033	
0.13645415034972924	0.30721128927781344	0.5563345603724574	
0.3946564000581143	0.26586486788331926	0.3394787320585664	
0.3487445925950109	0.6136702266861775	0.03758518071881159	
0.34656415357635306	0.204028403789104	0.4494074426345429	
0.5129886544125964	0.4751145193900481	0.01189682619735543	
0.26785771160530725	0.11562556649438144	0.6165167219003113	
0.36245087272691606	0.18765742724613188	0.44989170002695206	
0.38307159344818703	0.24844987808888327	0.36847852846292967	
0.012672788426110701	0.4140739621042395	0.5732532494696497	
0.41369813605324396	0.4091628522372107	0.1771390117095453	
0.46835103145478996	0.3447646170651178	0.18688435148009225	
0.361166382429242	0.4484264866866009	0.19040713088415714	
0.39858516159799845	0.3323539817382748	0.26906085666372676	
0.37667961522304005	0.0810531072814351	0.542267277495525	
0.46987159851082066	0.2592164094832742	0.27091199200590516	
0.17288511471493484	0.13837070647741614	0.688744178807649	
0.44152043740410424	0.24157218487763252	0.3169073777182632	
0.3304707110635865	0.3683609816965543	0.3011683072398591	
0.05319450000278668	0.45878367213054905	0.48802182786666426	
0.24025012415529018	0.3397833900552005	0.41996648578950924	
0.388412136769635	0.17539765878639066	0.4361902044439743	
0.7538361131821198	0.08135992068817642	0.16480396612970366	
0.7485228100519725	0.15873574503854276	0.09274144490948474	
0.15687012100927	0.47451493087144064	0.3686149481192894	
0.3512174181126384	0.2492732033658955	0.3995093785214661	
0.035211609357300645	0.2580391294939975	0.7067492611487018	
0.39460166464032886	0.36319223425614655	0.24220610110352458	
0.5787606018011012	0.19263748212839257	0.22860191607050637	
0.4409677139703509	0.07176660510668732	0.48726568092296174	
0.8653153868145315	0.11457169559869679	0.020112917586771743	
0.5278935083902812	0.3158930718476175	0.1562134197621013	
0.31223833332252027	0.04184366712194585	0.6459179995555339	
0.25477216325387614	0.4892131830795797	0.256014653666544	
0.48205880875239077	0.06322481297571741	0.4547163782718918	
0.188175077959267	0.12122051509290288	0.6906044069478301	
0.37120142289361546	0.34760866882402486	0.2811899082823597	
0.3303099610521965	0.2033286372429934	0.46636140170481005	
0.11534911237574814	0.3630014096078037	0.5216494780164482	
0.08544735725643042	0.6048567935090217	0.3096958492345479	
0.2663201921217945	0.11150737802982992	0.6221724298483756	
0.3532079207548525	0.2397898662619919	0.4070022129831557	
0.4951248973830484	0.42243629448112785	0.08243880813582366	
0.4471987143914944	0.25808572668793867	0.29471555892056694	
0.5396572946918726	0.18441537942797337	0.2759273258801539	
0.04410677258108848	0.3116845993099811	0.6442086281089303	
0.5499498539656433	0.17418985004732032	0.2758602959870364	
0.4465622087921781	0.009968558808274556	0.5434692323995473	
0.2880328018559004	0.4159716546200227	0.29599554352407687	
0.19583967375434835	0.6935379372866392	0.11062238895901255	
0.24391951369347645	0.4121602005737368	0.3439202857327868	
0.3129820393988495	0.25742815013010545	0.42958981047104505	
0.015573075911640914	0.49361838705171995	0.4908085370366392	
0.7723519711927129	0.17146744189326335	0.05618058691402369	
0.5113671432506318	0.21155011995537348	0.27708273679399464	
0.5758711941921287	0.0926664072344347	0.3314623985734366	
0.3799259404418155	0.4745156482892371	0.14555841126894736	
0.20152420435806315	0.04295495037192266	0.7555208452700142	
0.5340019016868847	0.34809610746610303	0.11790199084701225	
0.4808329337528617	0.06303773079007967	0.45612933545705864	
0.27247356157809954	0.42330502593760827	0.3042214124842922	
0.24432223958096252	0.4663832949846675	0.2892944654343698	
0.4192479810726846	0.038145504928137924	0.5426065139991774	
0.02408940546716685	0.4507077809439245	0.5252028135889085	
0.3793495279915527	0.20007714408512117	0.42057332792332613	
0.2796510398201571	0.3323613814822034	0.38798757869763956	
0.4392800876070088	0.3676892042620179	0.19303070813097334	
0.31961402593932625	0.40299346916831097	0.2773925048923629	
0.34874599379480165	0.12293572057009976	0.5283182856350986	
0.21737585758140437	0.4663079529021358	0.3163161895164598	
0.8099434723275482	0.18960830051535024	0.00044822715710173986	
0.3456236810143104	0.031043981735335242	0.6233323372503544	
0.41483904250788795	0.4303148441080293	0.15484611338408286	
0.5098526080556665	0.07300739255861143	0.417139999385722	
0.026366955589340216	0.4206458184219166	0.5529872259887432	
0.02518833221626336	0.4724534654093656	0.502358202374371	
0.3997005477282207	0.3043602914913196	0.2959391607804597	
0.40646141509969735	0.5649889334393154	0.028549651460987202	
0.37240678503500707	0.3478233416111349	0.27976987335385795	
0.26142199577215436	0.041917584402205575	0.6966604198256401	
0.37613643160002064	0.3137169196532717	0.3101466487467077	
0.13361429657589172	0.5812425273572039	0.2851431760669043	
0.36926480903834796	0.11751692551539189	0.5132182654462601	
0.030908737112118827	0.5209565546843835	0.4481347082034977	
0.4738815777714053	0.11943831448731433	0.40668010774128044	
0.3232707040772331	0.48868106556357027	0.18804823035919657	
0.2612788079396822	0.20793737887381428	0.5307838131865035	
0.4446345672352669	0.46495974421626146	0.09040568854847159	
0.11148733470084399	0.3023526803367007	0.5861599849624554	
0.4169581730239235	0.18441243467184873	0.3986293923042277	
0.45555384189313636	0.11633702500403124	0.4281091331028325	
0.4391538181028414	0.4990077063610325	0.0618384755361262	
0.20795245907139348	0.40711000677979886	0.3849375341488076	
0.28796350168418106	0.0013843765617240435	0.7106521217540949	
0.22227912429230698	0.2107917104428203	0.5669291652648728	
0.1438735081801102	0.712290071665794	0.1438364201540958	
0.4703406731116177	0.17127931207898223	0.35838001480940007	
0.6521533078903248	0.25739849211684485	0.0904481999928304	
0.26298628254974793	0.35341742431042467	0.38359629313982746	
0.4142595933545672	0.007054824551637179	0.5786855820937956	
0.3335152305504239	0.3638741352003939	0.3026106342491822	
0.2540217571150104	0.17370850123397047	0.5722697416510192	
0.27131004273337744	0.3840171157059385	0.344672841560684	
0.09264367805516219	0.49001806806444165	0.41733825388039614	
0.3333881261387027	0.22656946075393575	0.44004241310736153	
0.47887195629869994	0.4376282496597088	0.08349979404159136	
0.3132808071309264	0.38919249683492424	0.2975266960341494	
0.9154482587823419	0.01250226283375731	0.07204947838390087	
0.11473051807058904	0.46695593394465773	0.41831354798475323	
0.33478822048177737	0.23049220558582698	0.43471957393239563	
0.31061185426080834	0.22821490331344568	0.461173242425746	
0.3830767349342116	0.03003344948711261	0.5868898155786758	
0.35621158742429404	0.25613750748315134	0.3876509050925546	
0.72442687098417	0.22982261196826007	0.04575051704756993	
0.6287482586281815	0.03760128146571681	0.3336504599061017	
0.2987413120271953	0.34245836517384465	0.35880032279896007	
0.22843462932690642	0.34809193331244814	0.4234734373606455	
0.2985381205268646	0.6172427214687793	0.0842191580043561	
0.4086561771003094	0.04423494540199189	0.5471088774976987	
0.04445220429115454	0.2959812658248826	0.6595665298839628	
0.5866058685794616	0.36229344569326816	0.05110068572727034	
0.6206927804811528	0.3035089535156033	0.07579826600324377	
0.4033070211552073	0.12088472504435532	0.47580825380043734	
0.5397049486332463	0.39229530208140695	0.06799974928534674	
0.4130040674128364	0.3614449933181187	0.22555093926904504	
0.3375138907765783	0.37441778582950425	0.2880683233939174	
0.5206425557670508	0.41906518693888234	0.060292257294066856	
0.5347678356746044	0.2670936094326497	0.19813855489274584	
0.4902240603674407	0.08988159967960081	0.41989433995295855	
0.5970170113871	0.1984203841361227	0.20456260447677743	
0.09008835241717754	0.5526154035916049	0.35729624399121757	
0.16866367085654926	0.38476136890668916	0.44657496023676163	
0.4555454172268562	0.47642145552203596	0.06803312725110768	
0.45300565431827894	0.24098799207756713	0.30600635360415385	
0.29189213723389607	0.3431180745572867	0.3649897882088173	
0.37626232142193267	0.3150232825527975	0.30871439602526984	
0.6297294590980416	0.35633973931823154	0.01393080158372694	
0.4223954367794498	0.24182902561313277	0.3357755376074174	
0.4172083063854806	0.30631752463818646	0.276474168976333	
0.2155482503825373	0.4262673291066013	0.3581844205108614	
0.23871424847741432	0.482925896866311	0.27835985465627466	
0.35597397771009015	0.39371462725570394	0.25031139503420585	
0.19508050647268768	0.4135520695233058	0.3913674240040065	
0.6272879721158545	0.06832475688177828	0.3043872710023672	
0.12933849829426378	0.3401023626126214	0.5305591390931148	
0.14614278229637193	0.37621375723283107	0.47764346047079703	
0.2416172127263461	0.09216297301976659	0.6662198142538874	
0.459534374853205	0.5187204641096097	0.021745161037185365	
0.04114452242252109	0.4766620449919626	0.48219343258551634	
0.34921106756157927	0.4617891967245291	0.1889997357138916	
0.3709792308684614	0.202425008387891	0.42659576074364763	
0.2162992068945074	0.3725892856491515	0.41111150745634106	
0.06832421495145095	0.5071375161029632	0.4245382689455858	
0.40859657638547514	0.4739245619183176	0.11747886169620723	
0.32885494507496366	0.37464027608640527	0.2965047788386311	
0.8071187829625931	0.17529936527660106	0.017581851760805855	
0.03807954465703833	0.7059504111765954	0.2559700441663663	
0.13841872906717587	0.4019265028880407	0.4596547680447834	
0.4456375506857954	0.4844134576600465	0.06994899165415801	
0.35150766677048817	0.40210588479438414	0.2463864484351277	
0.4594026789767633	0.1922162867457622	0.3483810342774746	
0.4339835375046389	0.21334308370561414	0.35267337878974686	
0.17979008270640337	0.3994654951383074	0.4207444221552892	
0.24245700828386144	0.19675830237587916	0.5607846893402595	
0.1765302198546595	0.1561931305777159	0.6672766495676246	
0.3809305012421895	0.2653227667966956	0.35374673196111495	
0.5625888180884171	0.3149844379285934	0.12242674398298951	
0.25372277494354495	0.5176454014326338	0.22863182362382126	
0.1024373263203577	0.6358569457389693	0.2617057279406731	
0.6181753099770466	0.06933948893856597	0.31248520108438743	
0.4581172100964984	0.2818722580922182	0.26001053181128336	
0.3127775084093101	0.4819671456741078	0.20525534591658204	
0.5293425373843548	0.3134818101363599	0.15717565247928542	
0.3075503127792957	0.37617108575084107	0.31627860146986336	
0.6847224483572596	0.13703497483943772	0.17824257680330272	
0.09632073716318532	0.5488068312555683	0.3548724315812464	
0.5230434158343636	0.06555906157298896	0.4113975225926474	
0.44454313643878485	0.4831412219270402	0.07231564163417507	
0.4469616328115121	0.4017106298968063	0.15132773729168164	
0.7462921957659122	0.2207942035464926	0.03291360068759523	
0.42536163652795955	0.42321633874943126	0.15142202472260916	
0.3000630906868015	0.253240542753062	0.44669636656013656	
0.06906539446263288	0.29429427973536676	0.6366403258020004	
0.6483530749328376	0.08874675695393912	0.2629001681132234	
0.1785060871881414	0.5303841392734541	0.29110977353840467	
0.2820562012601907	0.3347162440578885	0.38322755468192077	
0.45554877298892155	0.1337773621267997	0.41067386488427876	
0.21712243609411058	0.0002373088660157768	0.7826402550398736	
0.04769472507185505	0.42098423235163246	0.5313210425765125	
0.19284856348115936	0.24457625782148223	0.5625751786973584	
0.0879476483490613	0.18543310911145108	0.7266192425394877	
0.5353616258473108	0.10299934211140231	0.36163903204128683	
0.51815912029885	0.035469307908118086	0.446371571793032	
0.26925026699050436	0.22343932689236162	0.5073104061171341	
0.5940144691500228	0.1776523703983291	0.22833316045164817	
0.5055126705767666	0.2647518898569683	0.22973543956626508	
0.025802763725838396	0.3352253176416791	0.6389719186324825	
0.3394874053965714	0.340139523354738	0.3203730712486905	
0.17344220490634246	0.31136867677601454	0.5151891183176431	
0.12487057154382666	0.47305277618701747	0.40207665226915584	
0.3371288745881732	0.11333137823798957	0.5495397471738372	
0.5039181413321396	0.38226091962981174	0.11382093903804863	
0.4152394712708627	0.3892709610719978	0.19548956765713957	
0.17963117385761576	0.45099984031429446	0.36936898582808986	
0.1901109428048621	0.4526359258942232	0.3572531313009147	
0.25082445228745054	0.308312755249254	0.4408627924632954	
0.27315437590504565	0.2632154517701237	0.4636301723248306	
0.44505842534686413	0.36595301883275794	0.1889885558203779	
0.3594683233014912	0.4836195336631123	0.15691214303539666	
0.3931851468935411	0.10460812556169818	0.5022067275447607	
0.4466670163910674	0.49758837703025816	0.055744606578674645	
0.23286308148944912	0.37586207876001637	0.3912748397505345	
0.24915774067251878	0.49865955784767296	0.2521827014798083	
0.6731607134324207	0.313048992007377	0.01379029456020241	
0.64876229648932	0.07527431681608172	0.2759633866945982	
0.16843205291026994	0.5950125122605939	0.2365554348291361	
0.2647947865358558	0.49473843364493897	0.24046677981920525	
0.17524270775581818	0.1977838473287863	0.6269734449153955	
0.43232424632713257	0.24279963832570586	0.3248761153471615	
0.1806709771861363	0.23534284515289888	0.5839861776609648	
0.2719497351183181	0.648238778862809	0.07981148601887275	
0.5421901371238452	0.1643337753053388	0.293476087570816	
0.13996434438132782	0.3977904013334146	0.4622452542852575	
0.8543131231924814	0.1452457923323125	0.0004410844752061228	
0.33721788922483215	0.18925381880810016	0.47352829196706764	
0.28798358806691765	0.40517526354786126	0.3068411483852212	
0.4653650765358822	0.13336751823772613	0.40126740522639165	
0.03095559016274376	0.6031242204242349	0.36592018941302135	
0.020957952485367436	0.44257435382902055	0.536467693685612	
0.8109541771130306	0.020097962105261085	0.16894786078170826	
0.22605258413621215	0.37627899456822395	0.3976684212955638	
0.3195917792807718	0.011767248803182613	0.6686409719160455	
0.3630738370112464	0.24341256163188849	0.39351360135686514	
0.42819438125342735	0.3835510783231913	0.1882545404233815	
0.0952726084170918	0.8926064053238771	0.012120986259031095	
0.25628627604629955	0.12258912205490786	0.6211246018987926	
0.3759948901195579	0.19700776179627036	0.42699734808417167	
0.49504852262620186	0.25701846206888496	0.24793301530491318	
0.04176465381370816	0.4898295466552236	0.4684057995310681	
0.277046990713583	0.4313319700852152	0.2916210392012018	
0.5100798312575102	0.41123799249242887	0.07868217625006088	
0.44545223025968456	0.12444157614685006	0.4301061935934654	
0.4881755125091978	0.4962908073409717	0.01553368014983056	
0.25751958258602137	0.44285529251222894	0.2996251249017498	
0.14730323978948065	0.378653861919098	0.4740428982914213	
0.1799498827901411	0.46260002121943006	0.3574500959904288	
0.35661346658307197	0.5484092056980896	0.09497732771883856	
0.006408364196706201	0.909208977725048	0.0843826580782458	
0.42441385647785995	0.29282254432186233	0.28276359920027777	
0.49809185608181616	0.4785015899011123	0.023406554017071597	
0.24567979066390275	0.6038403805115808	0.15047982882451627	
0.2693164932173573	0.4113407639346393	0.31934274284800346	
0.388862810060669	0.4503262290079431	0.16081096093138794	
0.14963416302310598	0.696357113498539	0.15400872347835495	
0.2111124516415469	0.5569566199477897	0.23193092841066346	
0.3676540874111251	0.22470521390096046	0.4076406986879143	
0.49431326167004885	0.24947017445820446	0.2562165638717466	
0.2652000030771093	0.5208001199270976	0.2139998769957931	
0.3000470213167686	0.008939879569055712	0.6910130991141756	
0.37713831810270293	0.03926611171038302	0.5835955701869141	
0.6133913346370048	0.23345362979228176	0.15315503557071353	
0.3829041918699474	0.4749171333558068	0.14217867477424578	
0.5589645221919177	0.2987468698690957	0.14228860793898662	
0.1300919515650954	0.7690782680458716	0.10082978038903287	
0.5654126683193855	0.39459927193387273	0.03998805974674177	
0.19662138824636816	0.14407995881919908	0.6592986529344328	
0.03677085187382246	0.084619370519915	0.8786097776062627	
0.1586237859597611	0.36379106476788736	0.4775851492723515	
0.3050984372247904	0.16913722970422085	0.5257643330709887	
0.2719662069252313	0.40403394733125586	0.32399984574351265	
0.42197609089170485	0.15574600969789454	0.4222778994104006	
0.31605969370239806	0.17818832083507474	0.5057519854625272	
0.7070197596310612	0.04528544893899409	0.24769479142994474	
0.27699907166794024	0.30181729576400734	0.4211836325680524	
0.382103333981534	0.39046304349733024	0.2274336225211358	
0.38850163464658255	0.3917872046595462	0.2197111606938711	
0.313303922587978	0.21283876303733779	0.4738573143746842	
0.7249907204652041	0.2263888952879127	0.048620384246883176	
0.36876590799207004	0.2739097918968717	0.3573243001110583	
0.14831208213253477	0.5067325234428255	0.3449553944246397	
0.29255470136757733	0.40255995868186056	0.3048853399505621	
0.581188439096855	0.4183207711664076	0.0004907897367374613	
0.10985864839511096	0.49211249354477327	0.3980288580601158	
0.22742752799286153	0.5119418124181343	0.26063065958900417	
0.38079752788312404	0.3315197304942042	0.2876827416226717	
0.3786552977336214	0.30082757135495636	0.32051713091142225	
0.5211774947644041	0.12846132792927684	0.35036117730631905	
0.6076849374669022	0.009742216252279973	0.38257284628081784	
0.1406482588909246	0.5768388073491402	0.2825129337599352	
0.4198010342046344	0.3698203960891591	0.21037856970620664	
0.3312302370764174	0.18333031054654836	0.4854394523770341	
0.04855658248246799	0.4764749423448472	0.47496847517268476	
0.2938039080318676	0.2965504267686866	0.4096456651994458	
0.33271091782217777	0.15942400779563048	0.5078650743821918	
0.3930787239259282	0.15062492519992826	0.45629635087414355	
0.5343863462277969	0.0623938029774604	0.4032198507947427	
0.15763553375970793	0.46721968224139887	0.37514478399889317	
0.23517324140872065	0.34077758167465183	0.4240491769166274	
0.32500333000193365	0.3113254173550669	0.3636712526429995	
0.2428757438450774	0.13779213563282158	0.619332120522101	
0.760057735563616	0.07367090358126559	0.16627136085511837	
0.25500994466877575	0.31587207751752017	0.4291179778137041	
0.6116553100631879	0.1641191424814206	0.22422554745539147	
0.7177281974688364	0.19513133689424209	0.0871404656369215	
0.11394409130880075	0.42217097395523157	0.46388493473596765	
0.4084783863482977	0.35187836749162765	0.23964324616007468	
0.4081263894058821	0.48095972167802287	0.11091388891609504	
0.5844834737394229	0.2991519547443992	0.11636457151617786	
0.49392643257552843	0.20424896902212591	0.30182459840234555	
0.24269197998269826	0.5339412758674109	0.22336674414989088	
0.2778514161110381	0.1404547830270336	0.5816938008619283	
0.3595333218359958	0.4243994126659212	0.21606726549808294	
0.022820811669008317	0.3196866389107533	0.6574925494202384	
0.20851092235890004	0.3462153448154377	0.4452737328256623	
0.1610535912125388	0.017682136530356267	0.821264272257105	
0.33317834988477885	0.3601295786614354	0.30669207145378574	
0.5464141446685181	0.14058123558459626	0.3130046197468856	
0.44479747113577833	0.1101583255939265	0.44504420327029515	
0.410021802750111	0.14787938787824315	0.4420988093716458	
0.5013163761143375	0.12992350585026613	0.36876011803539643	
0.10169375022764726	0.2605551066588316	0.6377511431135211	
0.07122191927016189	0.6929175172054879	0.23586056352435023	
0.5018699287482603	0.25600653838712717	0.24212353286461238	
0.13107904845627985	0.5431321613906672	0.32578879015305284	
0.5077215687076854	0.02808566763387953	0.46419276365843515	
0.2388276060409176	0.7025091711989938	0.058663222760088514	
0.264264911422221	0.35816411937591436	0.3775709692018645	
0.38875544418382063	0.27640156563156243	0.33484299018461705	
0.3215775756471563	0.2952288416773069	0.38319358267553677	
0.3906811800315276	0.38398631899954083	0.22533250096893162	
0.2783825614512086	0.44605511906894957	0.2755623194798418	
0.38471098293673583	0.17830674196201374	0.4369822751012503	
0.3444436566174282	0.29754702384446985	0.35800931953810206	
0.16208500314428512	0.4758411561845997	0.36207384067111514	
0.22984802951512684	0.3674508868555932	0.40270108362928	
0.5404046814478004	0.14113113353753542	0.31846418501466417	
0.2246935057347037	0.14677300361635004	0.6285334906489463	
0.8959048373909865	0.0530226769894655	0.05107248561954815	
0.24673358186821792	0.40666507178611	0.346601346345672	
0.18332271397220154	0.5517964745621189	0.2648808114656796	
0.36240609036547167	0.32484992360367937	0.3127439860308489	
0.01312477486856841	0.4325312697805245	0.5543439553509072	
0.4956556329549095	0.436567290642209	0.06777707640288168	
0.4722943925726002	0.000586940696999759	0.5271186667304001	
0.1996345578347511	0.35443910537923606	0.4459263367860128	
0.41369917654828553	0.18935040352452603	0.39695041992718855	
0.14429603033479924	0.4408981117051768	0.4148058579600239	
0.7649197036984954	0.004581316366229499	0.23049897993527507	
0.25184582298621966	0.5539367071051632	0.19421746990861724	
0.19237930922126495	0.5372276627858049	0.2703930279929301	
0.41556531193726604	0.41713131806252307	0.1673033700002109	
0.35633618689734625	0.22625014003265198	0.4174136730700018	
0.36789691129082785	0.17708799614980705	0.4550150925593652	
0.3161725507295509	0.6662678880877133	0.01755956118273574	
0.014493233256392101	0.3458129364251944	0.6396938303184134	
0.13205831800099507	0.12041161203748377	0.7475300699615212	
0.2638155920276724	0.38624937748994714	0.34993503048238045	
0.4172724310710337	0.20214974345813583	0.38057782547083047	
0.4746100524588047	0.44646148395952545	0.07892846358166983	
0.4923819738379431	0.19546865990638426	0.31214936625567274	
0.22269713180928896	0.4703657582661717	0.3069371099245394	
0.31896908652718753	0.2948594223601681	0.3861714911126444	
0.15226397780425088	0.5360237809845784	0.3117122412111708	
0.18996510786797918	0.5889113235145227	0.2211235686174981	
0.3816170582403336	0.48396824970991803	0.13441469204974835	
0.4220163299366117	0.07149747437274799	0.5064861956906404	
0.32153374906851584	0.23551773288056457	0.4429485180509196	
0.5130402547733651	0.15941576388393425	0.3275439813427006	
0.43432023117702045	0.400845210588598	0.1648345582343816	
0.25394520480400634	0.36762607357341787	0.37842872162257574	
0.08356188317111261	0.5279436236543724	0.38849449317451507	
0.3682493437130786	0.338580694087854	0.2931699621990674	
0.19019470478696818	0.3161539429125674	0.49365135230046453	
0.23160292279353897	0.5090406573640474	0.2593564198424137	
0.29677555522851345	0.3130282607395038	0.39019618403198275	
0.2076933297618788	0.4241760457072797	0.3681306245308415	
0.19600098360663726	0.5047614894128833	0.2992375269804795	
0.29129186161667237	0.4977700256985513	0.21093811268477644	
0.6917529261577441	0.2801843732393326	0.028062700602923304	
0.4753101625010985	0.40665695119438683	0.11803288630451474	
0.28718666440170865	0.12229590393329107	0.5905174316650003	
0.6803871460383396	0.11438795762823707	0.20522489633342328	
0.3417655736112338	0.17515791550664625	0.4830765108821199	
0.4029956862808601	0.21948483043306105	0.37751948328607887	
0.3502332847991665	0.04382490073434416	0.6059418144664893	
0.04833220593654618	0.04997026901024923	0.9016975250532046	
0.5295835196558859	0.3499742333717546	0.12044224697235953	
0.7397040222071724	0.13413050171592597	0.12616547607690165	
0.059897496015634745	0.1433269040886114	0.7967755998957539	
0.35874457677224547	0.2030519908781006	0.4382034323496538	
0.49091007957035654	0.29485650949669956	0.21423341093294382	
0.32732605354777616	0.46381652566982123	0.20885742078240255	
0.2919269635376423	0.3887143010593537	0.319358735403004	
0.2987322369396853	0.3222219913677792	0.37904577169253545	
0.1862678200047799	0.6167108702396809	0.1970213097555394	
0.23208992161949363	0.4837159229180989	0.28419415546240756	
0.02558002646033602	0.03053620175567774	0.9438837717839862	
0.4161182718724263	0.29560460621033685	0.288277121917237	
0.407927512417461	0.49230547841409533	0.09976700916844367	
0.4103710774673987	0.37546305224575943	0.21416587028684195	
0.23718929920479664	0.4137715346672283	0.3490391661279751	
0.4084691787572396	0.44925698140362746	0.14227383983913283	
0.3413487126740828	0.14920521564415626	0.5094460716817609	
0.3877650979615152	0.5945543380780095	0.017680563960475258	
0.6828060487831517	0.04243791078967403	0.2747560404271744	
0.41295119270149266	0.32738644342585854	0.2596623638726487	
0.51704348976122	0.35931005161108986	0.12364645862769007	
0.011111443334516356	0.7644931113751975	0.22439544529028616	
0.34244579830120014	0.4868447401834608	0.170709461515339	
0.31953869485947023	0.36019399331721735	0.32026731182331253	
0.19721499791642688	0.37168565144833204	0.4310993506352411	
0.495363250783283	0.28631661811708764	0.21832013109962928	
0.13817124294692634	0.3623792152847699	0.4994495417683038	
0.9103134717885235	0.06962115411911832	0.020065374092358132	
0.29482513637447766	0.35631091239076607	0.34886395123475633	
0.35846028187384005	0.3854115806229083	0.25612813750325164	
0.480043219240557	0.477269352130238	0.042687428629205104	
0.5081441577806727	0.357878998454483	0.1339768437648443	
0.11865766066183749	0.15158102104532514	0.7297613182928374	
0.4744105247370213	0.2331414373304209	0.2924480379325579	
0.5145749717128607	0.4235548984052682	0.0618701298818711	
0.1512962135923834	0.42050892154258157	0.428194864865035	
0.7128408524811526	0.2382859520756857	0.0488731954431617	
0.058763430913435145	0.9292950761777229	0.011941492908841937	
0.3704801215463017	0.5684030920700947	0.06111678638360369	
0.26385670641664855	0.3672507379714803	0.36889255561187123	
0.25181760698593714	0.2264465307778686	0.5217358622361943	
0.4513852727449275	0.04394562657680921	0.5046691006782633	
0.26937936276871965	0.44732073029275304	0.2832999069385274	
0.21514438791231305	0.47036356227331616	0.3144920498143708	
0.4989984592124648	0.20887231613105692	0.2921292246564783	
0.6318876651797374	0.06692215136087806	0.30119018345938453	
0.18572591090232857	0.22108928906102993	0.5931848000366415	
0.028261276918422198	0.2830906563271466	0.6886480667544312	
0.5513071827937602	0.3689275787810934	0.07976523842514628	
0.495987458006223	0.0380391056705681	0.4659734363232088	
0.03588316929338244	0.5835051040725439	0.38061172663407367	
0.06966191222269515	0.4695474121688719	0.46079067560843295	
0.3222622873589197	0.0882065815482206	0.5895311310928597	
0.5824134872649079	0.2140536986125093	0.2035328141225827	
0.175290485410441	0.2068112666552821	0.617898247934277	
0.36073459656723256	0.3651592493245683	0.2741061541081991	
0.2591335522565484	0.17841951835971992	0.5624469293837318	
0.13283446798444842	0.5895049131990399	0.27766061881651166	
0.3440825356636398	0.5344013156398353	0.12151614869652498	
0.3073576822610736	0.47637724833204276	0.2162650694068835	
0.018089654909065053	0.5284596110154168	0.4534507340755182	
0.09706913432841405	0.37760855384110015	0.5253223118304858	
0.39518983740978064	0.5266959678866087	0.07811419470361075	
0.5903521400237867	0.3324478935702668	0.07719996640594644	
0.05375883756827536	0.21266449320973305	0.7335766692219916	
0.45954128865819016	0.07800459311997403	0.4624541182218358	
0.3819616457236962	0.24879561441103584	0.3692427398652679	
0.4071360447488194	0.45738287157168095	0.13548108367949974	
0.14392856127325193	0.8046981157834675	0.05137332294328045	
0.4844299885668606	0.24460764169150853	0.27096236974163096	
0.3140338057186864	0.20551736154602143	0.48044883273529215	
0.24803744084128665	0.5318096983738759	0.22015286078483748	
0.3896190293901177	0.21841168467566444	0.3919692859342179	
0.19235898935675216	0.437246751085069	0.3703942595581789	
0.3888946185773226	0.6011713058400878	0.00993407558258952	
0.013942202422378897	0.5316666955968219	0.4543911019807992	
0.6314526936566957	0.11995350095329589	0.24859380539000858	
0.2239676400756464	0.5661801922882149	0.20985216763613865	
0.15431406066565864	0.5859991268849275	0.25968681244941383	
0.4812685419949703	0.46035089960988	0.058380558395149766	
0.0788921760850124	0.458934374332532	0.4621734495824557	
0.7246784419124639	0.1597714711881231	0.115550086899413	
0.5554595635069478	0.3343730070850664	0.11016742940798578	
0.42592175306992014	0.48008850028901495	0.09398974664106483	
0.2420523587109961	0.3524192016299882	0.4055284396590157	
0.40876662955793935	0.09965725997974086	0.49157611046231986	
0.3956597218493643	0.31158608703978874	0.292754191110847	
0.34544224511021754	0.18761464025598312	0.46694311463379934	
0.4367394748153448	0.10495333363201637	0.4583071915526388	
0.5852751035042751	0.15224130773631092	0.262483588759414	
0.2884734294643335	0.16717181663723663	0.5443547538984299	
0.11705900465254684	0.2917459992385503	0.5911949961089028	
0.41429191043174873	0.4062939294905844	0.1794141600776669	
0.3039612055591632	0.14601954450926574	0.550019249931571	
0.7092194911415747	0.28717345158457885	0.003607057273846588	
0.3476574875067275	0.36723992095183283	0.2851025915414396	
0.009507707158727103	0.2157204906537005	0.7747718021875724	
0.4194381009602498	0.45839870548960987	0.1221631935501404	
0.24342173177414722	0.11459781309791173	0.6419804551279411	
0.3110979513305007	0.6718270567862372	0.017074991883261996	
0.34977343751868706	0.34066208616781707	0.3095644763134959	
0.43660160930408076	0.17996777902898953	0.38343061166692977	
0.5544080671339805	0.24610612509116359	0.19948580777485575	
0.3497482045536775	0.39132711516148994	0.25892468028483256	
0.4491495060345331	0.35816844449860274	0.19268204946686407	
0.5801880722818707	0.2658230769426231	0.15398885077550614	
0.19412662462709257	0.5874088003337744	0.2184645750391329	
0.32957593767406757	0.34638416911429754	0.3240398932116349	
0.4496094224332932	0.4824339430879628	0.06795663447874395	
0.41701210546747103	0.08157154689458086	0.5014163476379481	
0.6861620436054008	0.031024114054326653	0.2828138423402725	
0.23039936624847537	0.4705206599566379	0.29907997379488666	
0.11010356288455345	0.2837686917637357	0.6061277453517109	
0.6857699357262468	0.14115845277498068	0.17307161149877254	
0.23751738285760585	0.03701440857034721	0.7254682085720469	
0.09251708569231079	0.450061718910145	0.4574211953975443	
0.25191171860688805	0.08446891268585836	0.6636193687072536	
0.3163920716827028	0.3943448385296264	0.2892630897876709	
0.011278265219746593	0.04662932970744549	0.9420924050728079	
0.4473725050661653	0.3611651458010484	0.19146234913278626	
0.35799373691895897	0.1612008590666631	0.480805404014378	
0.10076543648080222	0.3536810156898546	0.5455535478293431	
0.47221447487171825	0.13223580971497254	0.3955497154133091	
0.5861251783084879	0.079391315064594	0.33448350662691806	
0.20664163920604903	0.39557409432973445	0.3977842664642165	
0.05649833145036179	0.3576660820087747	0.5858355865408635	
0.21582825284279913	0.2870101510995014	0.49716159605769944	
0.15491847851560153	0.4105367178278314	0.43454480365656695	
0.26432801280150664	0.6128755509323527	0.12279643626614058	
0.3847789555083428	0.5728584707412924	0.042362573750364764	
0.25593526394042965	0.3641319704033857	0.37993276565618467	
0.09527982270576331	0.5143337558601687	0.39038642143406793	
0.24757511338826682	0.14681827470843647	0.6056066119032967	
0.13591190723900462	0.6966620957510004	0.16742599700999508	
0.23127592690759471	0.04177850316364392	0.7269455699287614	
0.224822518710079	0.23618048090268082	0.5389970003872402	
0.5391586553096699	0.11076131629227827	0.3500800283980519	
0.38025785902212217	0.6058811529163916	0.013860988061486277	
0.6721420149329714	0.21494777216162272	0.11291021290540584	
0.20102408038991565	0.7068970454012634	0.09207887420882081	
0.14367341198520261	0.7603420283198702	0.09598455969492717	
0.4623048522190589	0.2934210535391251	0.244274094241816	
0.27492160159534684	0.16149638660232987	0.5635820118023233	
0.28362073909477753	0.6977719167257487	0.018607344179473673	
0.30765786569051085	0.625264309013527	0.06707782529596204	
0.31127389693158203	0.3000068069548846	0.3887192961135334	
0.4944688718547424	0.07369442059693333	0.43183670754832426	
0.48583979835405416	0.2851575525259168	0.22900264912002904	
0.22537010039901273	0.37558596380509757	0.3990439357958898	
0.12924212972535523	0.6944183941826313	0.17633947609201353	
0.37028271723079986	0.3161246428010903	0.31359263996810993	
0.4868356573407313	0.21010898424329147	0.30305535841597714	
0.3795385401047535	0.25668611664275887	0.36377534325248767	
0.044792629307056825	0.5683017005312405	0.3869056701617027	
0.6361680415196707	0.07015565620835422	0.2936763022719752	
0.5259605293277374	0.45978788979802077	0.01425158087424182	
0.3182620732253653	0.353703125201255	0.32803480157337955	
0.3778961507552642	0.3217938951962295	0.30030995404850624	
0.09316881901638446	0.22973426978650194	0.6770969111971136	
0.462631146146656	0.3195684585442742	0.21780039530906986	
0.3679644378244174	0.3440743984892662	0.2879611636863166	
0.4339084786541166	0.33413980138228444	0.23195171996359898	
0.6104685916178607	0.11617644153920417	0.27335496684293503	
0.1790176334397531	0.09664656233741159	0.7243358042228353	
0.13812796975388072	0.631806213152498	0.2300658170936213	
0.44487006132549717	0.4712125773566591	0.08391736131784372	
0.18853451318518272	0.3780747136501425	0.4333907731646748	
0.2594835936676975	0.5234293468588866	0.21708705947341592	
0.3383050876762146	0.1585399332548573	0.503154979068928	
0.3539362560377819	0.3514511978218938	0.29461254614032434	
0.3663748599652565	0.40400275304174904	0.22962238699299448	
0.2690535807582527	0.2728562836460918	0.45809013559565553	
0.3450745738826953	0.5221551387336237	0.13277028738368093	
0.2834328484833141	0.35708682991894014	0.35948032159774573	
0.3450487137223194	0.2847628333213304	0.37018845295635017	
0.43167850382502815	0.4518234264947044	0.11649806968026732	
0.27082613086221624	0.4817656447676726	0.2474082243701111	
0.8108097530266005	0.1570198836859047	0.03217036328749482	
0.19074087603068754	0.4190769082100397	0.3901822157592729	
0.0913573087172563	0.4488960286070496	0.45974666267569414	
0.42024981843101583	0.21698752877452804	0.36276265279445613	
0.012318322546621675	0.9102743267854273	0.07740735066795099	
0.38295334085092925	0.6121649437790216	0.004881715370049064	
0.07783073292561468	0.48557067545640803	0.4365985916179773	
0.18164990827156388	0.6260047449425445	0.19234534678589157	
0.16870537100803654	0.456181754044063	0.37511287494790035	
0.26085109763488645	0.17794104993491727	0.5612078524301963	
0.2622271921115769	0.1367425701780898	0.6010302377103331	
0.3222321595627363	0.27065993575403385	0.4071079046832298	
0.07155803998941324	0.4659534964415202	0.46248846356906664	
0.6086145432920463	0.15397408093647852	0.23741137577147522	
0.33859596658984553	0.28426505570916893	0.37713897770098553	
0.14109195149325943	0.2831743421858878	0.5757337063208527	
0.3063578651267383	0.5265954574545438	0.16704667741871795	
0.35121833918098494	0.18512600045750535	0.4636556603615096	
0.31113866046510136	0.19374032913621395	0.49512101039868467	
0.7473696958204737	0.06884969675198738	0.18378060742753888	
0.36246453346151875	0.27183048456268544	0.3657049819757959	
0.4962612952285447	0.39136872418040947	0.11236998059104593	
0.09473247157049743	0.4660704838937684	0.43919704453573416	
0.3135285526139875	0.4737536707212137	0.2127177766647988	
0.26355979583724465	0.010235986434382189	0.7262042177283732	
0.03668136078740771	0.5320810594197249	0.43123757979286736	
0.2681664820436665	0.5120398890345338	0.21979362892179966	
0.22464089767518383	0.6939515756527224	0.08140752667209385	
0.22720328215493318	0.4688796555529326	0.30391706229213417	
0.11473734144928295	0.6721428081935393	0.21311985035717776	
0.4272861081643788	0.5667112885393212	0.006002603296300179	
