0.6401663895798222	0.277491849901304	0.08234176051887368	
0.46651074448781604	0.24045868250385893	0.2930305730083249	
0.334257372546012	0.3381194119307467	0.32762321552324125	
0.385900284984982	0.11217539885887257	0.5019243161561454	
0.4535150483648528	0.23471441761469136	0.3117705340204559	
0.3839760361198588	0.33252896288392403	0.28349500099621716	
0.36028177129157235	0.357760383942577	0.28195784476585073	
0.21395901085191876	0.39156069239812036	0.394480296749961	
0.22751551678870846	0.2437608433952236	0.528723639816068	
0.4999923624096942	0.34316425268547723	0.15684338490482844	
0.7232267801811683	0.10652762975425299	0.1702455900645788	
0.45455159371844417	0.13330113292128995	0.41214727336026596	
0.3732017386353662	0.3535354018459125	0.2732628595187213	
0.3937199447038469	0.34673134899463043	0.2595487063015227	
0.3170311800439871	0.5235968952182108	0.15937192473780215	
0.46623326361109735	0.2074196706239487	0.326347065764954	
0.20111297154000207	0.1623571996906531	0.6365298287693448	
0.012320820660829523	0.19692908223252695	0.7907500971066436	
0.3763601626251469	0.18457699398329322	0.43906284339155993	
0.47931165735215187	0.19941042675352696	0.32127791589432103	
0.3873028415469998	0.19143816046936485	0.4212589979836354	
0.45460621883844354	0.009126845306915302	0.5362669358546411	
0.16633993885213777	0.32491234736881286	0.5087477137790494	
0.1338241791462868	0.4531310844301198	0.41304473642359346	
0.47169924223853504	0.39038509590868054	0.1379156618527845	
0.3250526994918305	0.3092500498054668	0.36569725070270276	
0.3998672924228342	0.36120319183739086	0.23892951573977514	
0.09688774676791839	0.5704703742763133	0.3326418789557683	
0.27568674055863923	0.3962784158162067	0.32803484362515406	
0.36851805631285517	0.06223727674621336	0.5692446669409315	
0.37088495817644895	0.4133586336732734	0.21575640815027763	
0.40418789717793324	0.4535831383645493	0.14222896445751756	
0.19270795649601932	0.706104225762692	0.10118781774128852	
0.27330665091276046	0.44283037507905987	0.28386297400817967	
0.16663047821352914	0.34808837415805644	0.4852811476284144	
0.44256781479345175	0.5405405185021311	0.016891666704417094	
0.30199331777238797	0.40599231371089245	0.29201436851671947	
0.004809908021773686	0.6706680448317693	0.324522047146457	
0.5969677104285184	0.35277807665530575	0.05025421291617585	
0.44975510414381165	0.0571825492350622	0.49306234662112614	
0.4411355017678041	0.4404556150686764	0.11840888316351958	
0.35167691642740384	0.3618804743521473	0.2864426092204488	
0.42474208533365543	0.4237733857437999	0.1514845289225447	
0.23228087260896393	0.23711183201408528	0.5306072953769508	
0.4906802469234465	0.3474493808470465	0.16187037222950698	
0.24297782035037968	0.5641398962730888	0.19288228337653152	
0.12715008443701878	0.5245313240197086	0.3483185915432727	
0.3031422037668648	0.21949198334727135	0.4773658128858639	
0.3516335837266387	0.28704683919639656	0.36131957707696466	
0.8242837219992272	0.12478141199150806	0.050934866009264744	
0.11416904110617718	0.3803850194045059	0.5054459394893169	
0.2866310708200271	0.29595812693543616	0.4174108022445367	
0.5524480244731027	0.01880463000336321	0.42874734552353405	
0.2613089101605186	0.33469441513036874	0.40399667470911266	
0.5940668780464738	0.04964525106353861	0.35628787088998753	
0.14133482126991936	0.42420045075996177	0.4344647279701188	
0.05787426031636109	0.2962825903225872	0.6458431493610517	
0.3342198478642505	0.3970618343203693	0.2687183178153802	
0.06060042112812552	0.4641592222220979	0.47524035664977654	
0.5721514906415258	0.004040305294338936	0.4238082040641353	
0.011613225784465976	0.2530874102828164	0.7352993639327177	
0.3387900019674738	0.2539718400807837	0.40723815795174245	
0.39079398558333023	0.5665258376714506	0.0426801767452193	
0.4000471741301452	0.36276407275595457	0.23718875311390036	
0.5816935082162357	0.27650122703666746	0.1418052647470969	
0.6576096179175881	0.1927634072568975	0.14962697482551432	
0.020882777745065795	0.5604251106348936	0.41869211162004055	
0.3999667153439249	0.5967812932763306	0.0032519913797445553	
0.4087098741128295	0.1253777086521432	0.4659124172350274	
0.11144565097152079	0.6143392740458041	0.27421507498267517	
0.5231344320271853	0.416267324984165	0.06059824298864967	
0.3332755055177203	0.5305343330166225	0.13619016146565718	
0.11948711134515005	0.44679363176668574	0.4337192568881642	
0.5250426921082092	0.32225545883137086	0.15270184906042003	
0.06902926288896176	0.5124565598919889	0.41851417721904927	
0.5864362178169701	0.15822607678555783	0.255337705397472	
0.3619771732082933	0.3843334398182887	0.2536893869734179	
0.3374744046030789	0.4499014841080019	0.21262411128891923	
0.29564636000392674	0.3903457447279018	0.3140078952681714	
0.0031434181836996144	0.524359677736018	0.4724969040802824	
0.6074091942220794	0.015604252226071308	0.37698655355184935	
0.17036457863322152	0.5212338571077163	0.3084015642590623	
0.05017080712754948	0.4448869512193518	0.5049422416530988	
0.43834000880302454	0.16973274191671348	0.3919272492802619	
0.031089967107693742	0.4642987621328049	0.5046112707595013	
0.1524206855926918	0.5782542090811912	0.26932510532611686	
0.00844977354719361	0.052431858659087054	0.9391183677937194	
0.1754040953383965	0.5869247979278529	0.23767110673375066	
0.07582899685219056	0.83037627582058	0.09379472732722931	
0.5616426655501555	0.28389716057240283	0.15446017387744163	
0.17036817294422094	0.4095584433092749	0.4200733837465042	
0.21328096802905028	0.19116120584309393	0.5955578261278558	
0.27104208389628526	0.41107149510528435	0.31788642099843034	
0.6372118904872861	0.3064714771252282	0.05631663238748574	
0.286034228217561	0.3279710596962077	0.38599471208623115	
0.35506909907711254	0.40908168223450186	0.23584921868838565	
0.23909653159910418	0.49146666374642933	0.26943680465446646	
0.5349515255134002	0.449473991344507	0.015574483142092846	
0.38530487338257524	0.2653378220470458	0.34935730457037883	
0.6484213311402305	0.18324467692536928	0.1683339919344002	
0.4935370639289942	0.11167891097439366	0.39478402509661215	
0.29847532252706077	0.23461845703845305	0.46690622043448615	
0.4336852596491573	0.4517623354882793	0.11455240486256342	
0.3729927859235446	0.2879772638326312	0.3390299502438241	
0.2777886654101481	0.1630003611825868	0.5592109734072652	
0.4276157993795871	0.2508012535777832	0.3215829470426297	
0.5460502649907938	0.4141421214880024	0.03980761352120376	
0.4188459337822863	0.24532332056120323	0.3358307456565104	
0.31888845587749054	0.4304775783293013	0.2506339657932083	
0.24953894175154923	0.28293007211518445	0.4675309861332663	
0.1959996152200991	0.37108795124975014	0.43291243353015074	
0.38472901975062657	0.24989669151518648	0.3653742887341869	
0.20525211454124292	0.37193858291272247	0.4228093025460346	
0.41032303247433766	0.3306513205640349	0.25902564696162755	
0.20930795261186474	0.10980173524227785	0.6808903121458574	
0.08616431659731509	0.5874488902812883	0.32638679312139657	
0.2660838705028851	0.23740455959204274	0.4965115699050722	
0.3237558041893804	0.3491331282677877	0.32711106754283187	
0.31660356596583017	0.11143706086428752	0.5719593731698824	
0.41451517242534414	0.15283825896114805	0.43264656861350786	
0.3511862845742248	0.27019863012151424	0.37861508530426097	
0.3207105973936439	0.28190697982365176	0.39738242278270436	
0.21375957952696237	0.4186284229938474	0.36761199747919027	
0.34173672246273795	0.36607519461781024	0.2921880829194517	
0.401302404989805	0.39756700350933916	0.20113059150085574	
0.2548253475184631	0.4560551921002373	0.2891194603812996	
0.42581982292181714	0.34510312121775966	0.22907705586042323	
0.09399143528475551	0.7614358053063552	0.14457275940888936	
0.41138213107960486	0.3665299898194378	0.22208787910095737	
0.33679055146024245	0.07225138610319985	0.5909580624365577	
0.2549383450100681	0.693484366777104	0.05157728821282784	
0.3638567153669093	0.3839155400932716	0.25222774453981905	
0.34032789035278094	0.13209021921981143	0.5275818904274076	
0.08908566970134936	0.2989074962878307	0.61200683401082	
0.09918275847638856	0.4884451193583578	0.4123721221652536	
0.09303147261759491	0.31414331240195	0.5928252149804552	
0.19431966061826259	0.3950456756341944	0.41063466374754304	
0.011935590247597347	0.5432531206682887	0.4448112890841139	
0.2361649868303836	0.23658578846213027	0.5272492247074861	
0.21167076234505308	0.5253802299864457	0.2629490076685013	
0.06604460734849084	0.4217050786163788	0.5122503140351304	
0.6762892481325359	0.020771264905865724	0.3029394869615984	
0.45671643424805874	0.25758998343238887	0.2856935823195524	
0.2450209953305192	0.3651263673124277	0.38985263735705306	
0.16808291193259897	0.4130401360346061	0.4188769520327948	
0.22165563126004614	0.22431929257815186	0.554025076161802	
0.04139317270123356	0.8485903072524439	0.11001652004632251	
0.172758183329803	0.36430286252329014	0.4629389541469068	
0.4037007089157369	0.0772107857540303	0.5190885053302328	
0.33593981449648375	0.1973861990536522	0.46667398644986413	
0.11968205311991266	0.25966307499214586	0.6206548718879414	
0.2999063201327669	0.27010354152417304	0.42999013834306	
0.44785491985141374	0.13419651795069723	0.4179485621978891	
0.4596100114087013	0.17330890407203534	0.3670810845192634	
0.3394338219499965	0.34265748775265675	0.31790869029734675	
0.5684346265065224	0.3600013697292147	0.0715640037642629	
0.18288830252990082	0.1002431324098299	0.7168685650602693	
0.2081929699512472	0.2455000470087174	0.5463069830400354	
0.42900500463743435	0.07237790620777239	0.49861708915479325	
0.20393074158135335	0.48609868596012834	0.3099705724585182	
0.3177634951200584	0.35032980062019553	0.3319067042597461	
0.3269639527975382	0.24970490362217318	0.42333114358028867	
0.08180194654197435	0.4746814008054148	0.4435166526526108	
0.3942364086897306	0.20665959781658744	0.399103993493682	
0.271990953938258	0.3655362900756707	0.36247275598607115	
0.5981618751987492	0.3670111882760841	0.03482693652516678	
0.1499111712194214	0.2840527511037376	0.5660360776768409	
0.4968549172730228	0.32477062123625094	0.17837446149072625	
0.16421717019544552	0.21555130963424723	0.6202315201703072	
0.41122952245091027	0.4348559745240574	0.15391450302503235	
0.5085484012322462	0.07187675643014403	0.4195748423376098	
0.7640170201055017	0.13101626310235986	0.10496671679213843	
0.6408345599009235	0.2575740051022329	0.10159143499684364	
0.569590728200991	0.05294479834894277	0.37746447345006623	
0.6459267266703742	0.057936062086620346	0.29613721124300535	
0.3733114452951123	0.22447585036199413	0.40221270434289347	
0.43364547299850603	0.3418035826338594	0.22455094436763456	
0.14738832952266387	0.4158037129452827	0.4368079575320535	
0.3801132953597059	0.1037117398014041	0.51617496483889	
0.45545558647964657	0.30826199468912807	0.2362824188312253	
0.26989262757341653	0.1671169395126125	0.562990432913971	
0.7477847876936714	0.2351025384801393	0.017112673826189258	
0.3649966744867704	0.028464185354773294	0.6065391401584562	
0.2526848039025513	0.39094306198754786	0.356372134109901	
0.21547910647832327	0.5509494607111338	0.23357143281054288	
0.36197059197129117	0.24445551537600188	0.3935738926527069	
0.5735488937393355	0.39010772874322414	0.03634337751744024	
0.32036283185664294	0.2429395546769247	0.4366976134664324	
0.3259009135017498	0.40955856737231033	0.2645405191259399	
0.5482608226343322	0.06864801724672885	0.3830911601189389	
0.0439624729805459	0.929966936561331	0.026070590458123117	
0.19432934972545382	0.5477755952490158	0.2578950550255303	
0.5712060299925427	0.10098922226746236	0.32780474773999496	
0.4553617813821337	0.351880886527524	0.19275733209034224	
0.16237375254719413	0.21893697549798113	0.6186892719548247	
0.16006484167556168	0.20422645253791877	0.6357087057865196	
0.4416128710098506	0.3703326686329474	0.18805446035720208	
0.23088804277292463	0.5610686984933541	0.20804325873372115	
0.43422028155040476	0.4772591738845277	0.08852054456506746	
0.09942254588545624	0.5806580668521356	0.31991938726240815	
0.41141463719692273	0.37913251188029357	0.20945285092278365	
0.36323495181572335	0.4546110032057582	0.18215404497851845	
0.2667304450648227	0.575714004915183	0.15755555001999424	
0.24089045228185474	0.15080567684941792	0.6083038708687275	
0.36301709156667006	0.1533606657260985	0.4836222427072314	
0.32810935529236024	0.37016736169120196	0.3017232830164378	
0.3003527424673108	0.6629387065729238	0.03670855095976536	
0.02338685782069537	0.12873514197587543	0.8478780002034293	
0.039658230421529925	0.6174580806995104	0.3428836888789597	
0.8368647779942728	0.028968794137683038	0.1341664278680441	
0.17997692299909046	0.5801120785129528	0.23991099848795674	
0.3009346232713596	0.2959458717346808	0.4031195049939596	
0.35359861696291595	0.24815600508842323	0.39824537794866083	
0.022534351715760167	0.5343496707939442	0.4431159774902957	
0.42650733228745	0.2534682540193238	0.32002441369322626	
0.39752151763655974	0.31765623776466545	0.2848222445987749	
0.3386757583161765	0.047656496136880576	0.6136677455469429	
0.3982570966930062	0.44930653773828994	0.15243636556870388	
0.414686831687399	0.2145112536242857	0.3708019146883154	
0.25222316640581516	0.21241555085765404	0.5353612827365308	
0.4570400578588051	0.18947519378929586	0.35348474835189897	
0.48541439607453674	0.23732115279138896	0.2772644511340744	
0.1411866590936441	0.45005491387447505	0.4087584270318808	
0.2752567131236114	0.3097156468471044	0.41502764002928416	
0.28986540914712333	0.3931527115114236	0.3169818793414531	
0.037801752813946043	0.6144394694768305	0.3477587777092235	
0.5640157712100693	0.19503395675303292	0.24095027203689787	
0.22027640982217656	0.12765959745132674	0.6520639927264967	
0.04857084632103899	0.28347397826155224	0.6679551754174087	
0.40187538795010724	0.2745264299280994	0.3235981821217934	
0.542582940138909	0.3482160968274371	0.10920096303365397	
0.20537907011970424	0.330462738966606	0.46415819091368976	
0.1382818617941353	0.32065971419885103	0.5410584240070136	
0.4458271961301197	0.16779770154818577	0.3863751023216945	
0.42362506057794863	0.18050205359802948	0.39587288582402186	
0.10625625417889314	0.3337641638796462	0.5599795819414606	
0.2579321572255584	0.38381161284922943	0.3582562299252122	
0.3238000497729349	0.317195967186667	0.3590039830403981	
0.8488570165019962	0.06494216346329408	0.08620082003470972	
0.4245605119795657	0.1540122453048742	0.42142724271556015	
0.39858245607913234	0.033125243378428704	0.568292300542439	
0.518785449401132	0.07563865974008514	0.4055758908587828	
0.28174102184267635	0.2696837049614197	0.448575273195904	
0.0994212618444737	0.17503006977322094	0.7255486683823054	
0.41137388105087247	0.2690592896856886	0.3195668292634388	
0.45602843853017716	0.5034099585278394	0.040561602941983264	
0.5882976105679543	0.13495402723339228	0.2767483621986535	
0.06472847324020713	0.47294661324917675	0.4623249135106161	
0.10062085477297009	0.04537976750233091	0.853999377724699	
0.45755856390263533	0.26311008376978423	0.2793313523275804	
0.3164711798056146	0.3418227383578947	0.3417060818364907	
0.09180904117882205	0.18794241121016525	0.7202485476110126	
0.2023845190972975	0.3684255904563076	0.42918989044639494	
0.211795920726757	0.260428829289336	0.527775249983907	
0.329332578735881	0.43290053765150205	0.2377668836126169	
0.2316646772720754	0.6170429899246196	0.15129233280330492	
0.4657352676541343	0.318193440664307	0.21607129168155872	
0.22848160915295537	0.41268496183481745	0.3588334290122272	
0.41331920222977153	0.42365077774570636	0.16303002002452208	
0.7162107325811283	0.2440020872069855	0.03978718021188619	
0.3693464057135149	0.3625341800472683	0.2681194142392169	
0.27156862809632365	0.3790833280015615	0.3493480439021149	
0.3624404087612469	0.3564572874630071	0.2811023037757459	
0.1903880032327625	0.2653408981114945	0.5442710986557431	
0.25460370498264195	0.3445569689042544	0.40083932611310363	
0.3895282690193339	0.36415156417756667	0.2463201668030994	
0.4153064740184012	0.15867256776330704	0.4260209582182918	
0.32506807656814213	0.24609847357196799	0.42883344985988997	
0.555078238121074	0.4175411165635097	0.027380645315416334	
0.7585857807661043	0.06282074612001624	0.17859347311387933	
0.1517757089063555	0.45800681634820645	0.39021747474543794	
0.36977612721912684	0.2662279588583157	0.3639959139225576	
0.21749979328238198	0.06812353273812101	0.7143766739794969	
0.44794838066441	0.26850832221117127	0.28354329712441884	
0.1782615955560825	0.6727321321026749	0.14900627234124253	
0.09663651699030523	0.5128847905115064	0.39047869249818845	
0.547491691084823	0.09006925385408737	0.3624390550610895	
0.3807546817368656	0.24655833177967404	0.3726869864834604	
0.5417705867826345	0.3216571396106262	0.13657227360673924	
0.3175484266776809	0.341306907171749	0.3411446661505701	
0.5594274920464507	0.04530514750933514	0.3952673604442142	
0.3607597662251774	0.19588350525041318	0.4433567285244093	
0.1829095687991823	0.7509973619840872	0.06609306921673047	
0.4146658555447178	0.25644086254511383	0.3288932819101685	
0.12392828709490364	0.1619256680507992	0.7141460448542971	
0.3214692716673536	0.3527077987971788	0.3258229295354675	
0.24560514267730915	0.16765341146064183	0.5867414458620489	
0.504513261197602	0.42179056945661114	0.07369616934578689	
0.25721986154119764	0.47596726726979355	0.2668128711890088	
0.54551578505595	0.3963411986810174	0.058143016263032594	
0.08712869279079213	0.43093830507293857	0.48193300213626933	
0.4684989510901999	0.10116073109720805	0.43034031781259197	
0.4726241875517965	0.4266221230245361	0.10075368942366733	
0.28570985537497684	0.22634929579346577	0.48794084883155736	
0.1496498620284743	0.6951669840425582	0.15518315392896753	
0.10723412384836083	0.6182019687917593	0.2745639073598799	
0.10285885205965167	0.384319497853766	0.5128216500865823	
0.4740884007236174	0.441679439926156	0.08423215935022656	
0.14089028852873475	0.4179520163565373	0.44115769511472785	
0.24324577280917933	0.6084788905475724	0.14827533664324818	
0.44371146419455304	0.4232460141376253	0.13304252166782154	
0.028241773778768353	0.717061579025746	0.2546966471954857	
0.6085154850655246	0.09900532484460661	0.29247919008986895	
0.5185234460629004	0.37752750508994576	0.10394904884715393	
0.22283331594351802	0.3878130591353466	0.38935362492113534	
0.6798632817507303	0.014454347203104406	0.3056823710461653	
0.6160606791238923	0.27168100757011143	0.11225831330599637	
0.7031065631827506	0.08914511833551737	0.20774831848173209	
0.31328710598011716	0.4076167495227667	0.27909614449711606	
0.5407880984766266	0.22224639440140456	0.23696550712196893	
0.4537965842574028	0.3626531889443766	0.1835502267982206	
0.33688830275083975	0.3013088002487055	0.36180289700045476	
0.29140526638126385	0.3169719742370683	0.39162275938166785	
0.43129131483283134	0.37066254902684354	0.19804613614032518	
0.4464817814806932	0.08580352546276272	0.4677146930565441	
0.0207253634841175	0.619532656027553	0.3597419804883296	
0.4703896317394737	0.4416559536825231	0.08795441457800315	
0.23608864198631974	0.48765914315312553	0.27625221486055473	
0.31103512858148985	0.30818475374710913	0.3807801176714009	
0.265724148719001	0.48466681997804506	0.2496090313029539	
0.0820879814500802	0.5265713472612058	0.3913406712887139	
0.3369883771841467	0.3134193586344999	0.3495922641813534	
0.36463926561993093	0.34287802641220627	0.2924827079678628	
0.3811633506434048	0.5341878228796277	0.08464882647696752	
0.2073221589164516	0.3344303529977725	0.458247488085776	
0.29768111979064416	0.23236194624492934	0.4699569339644264	
0.2590113276872902	0.2993273719764934	0.4416613003362164	
0.19756633945679486	0.7779466523580162	0.024487008185188716	
0.018828435854805217	0.4862280335013598	0.4949435306438349	
0.32420909778909596	0.3080529395004467	0.3677379627104574	
0.1260369143232527	0.6545273918318651	0.21943569384488223	
0.4503586959259614	0.4334712850372694	0.11617001903676928	
0.37870854605131854	0.231741191818899	0.3895502621297825	
0.4847840300403896	0.42692457110056226	0.08829139885904819	
0.3488780316139085	0.25278325951754366	0.39833870886854794	
0.10804187655184715	0.34665354668089987	0.545304576767253	
0.36208456981366444	0.521957405060845	0.1159580251254905	
0.5941383537253196	0.1801417717016732	0.22571987457300732	
0.26812334649309244	0.38256509064801264	0.34931156285889486	
0.004469694447880885	0.6208418337429041	0.3746884718092151	
0.30644831077621754	0.2699171844908026	0.4236345047329798	
0.1923910941259908	0.7606157667444698	0.046993139129539334	
0.1687161917300836	0.5942192898931989	0.2370645183767176	
0.1426421136644802	0.6852957934934637	0.17206209284205615	
0.2720093738212674	0.3022868293286996	0.42570379685003296	
0.3218895884295778	0.3305478658466381	0.34756254572378414	
0.04007883071290999	0.5743244144947642	0.3855967547923258	
0.6838554476562443	0.17662176870465918	0.13952278363909654	
0.25371307812021837	0.5597589712527348	0.1865279506270469	
0.0032833448115530133	0.42919329622402896	0.5675233589644181	
0.17366640531184613	0.7055086915862802	0.12082490310187381	
0.04606340441530509	0.7092853249543886	0.24465127063030648	
0.3468502234803023	0.3290037084053615	0.32414606811433627	
0.16463202560005014	0.23770454910205294	0.597663425297897	
0.14882215597988868	0.5785732142950503	0.2726046297250609	
0.3522824302111807	0.6275662395977075	0.020151330191111733	
0.33156096045501365	0.35056363259663187	0.3178754069483545	
0.434620799334166	0.18728147198963735	0.3780977286761967	
0.5208407843082143	0.42791175048842894	0.05124746520335668	
0.09717985186129799	0.6985402591642713	0.20427988897443058	
0.29350974136322233	0.4061187110620185	0.3003715475747592	
0.16305279551112098	0.19689905167881622	0.6400481528100627	
0.4069379689250968	0.3725621067863424	0.22049992428856074	
0.03826543659605882	0.4965456037297042	0.465188959674237	
0.26480562241667993	0.05568301427340364	0.6795113633099165	
0.5118904205572111	0.40463780893242834	0.08347177051036057	
0.06136101709760961	0.5880221463335081	0.3506168365688824	
0.08307539907594835	0.6822503585480947	0.23467424237595697	
0.16734488342900694	0.5331183687353496	0.29953674783564344	
0.3579823181841023	0.25769153535625683	0.38432614645964086	
0.34690877339702036	0.09258529664619654	0.5605059299567832	
0.31341283481313037	0.07046705550488416	0.6161201096819855	
0.4183940565112342	0.31806092107360057	0.26354502241516525	
0.46237378889396863	0.06641703785132069	0.4712091732547107	
0.274421331549809	0.3380444974841136	0.3875341709660774	
0.3848964924875371	0.3262474572150634	0.2888560502973996	
0.5183251886392372	0.2976927878304845	0.1839820235302782	
0.5596189513730804	0.18068635923494478	0.2596946893919748	
0.003276708190920082	0.661846533328889	0.3348767584801909	
0.6639071293428127	0.03760643357124822	0.298486437085939	
0.27202639597154926	0.5530034779487005	0.17497012607975027	
0.2776476070231864	0.6089501145830369	0.11340227839377653	
0.2746462061217506	0.040902336675823034	0.6844514572024264	
0.44553807169865456	0.5515331098226595	0.002928818478685958	
0.053750616548190515	0.09857186195158571	0.8476775215002239	
0.09013440051398343	0.34348261387786627	0.5663829856081503	
0.6486594434945819	0.019091679691360976	0.332248876814057	
0.5361780012459778	0.35719347919779665	0.10662851955622574	
0.32994128011705554	0.34332629310054713	0.3267324267823973	
0.2433990568414115	0.3137351536834121	0.44286578947517646	
0.36391882154271465	0.3845876137146019	0.2514935647426835	
0.4059655238987405	0.3388550191014653	0.25517945699979416	
0.33833395533200833	0.37648203057069274	0.2851840140972988	
0.40585071749638607	0.11457535915110072	0.4795739233525132	
0.2979277516725213	0.4754053528622153	0.22666689546526356	
0.25086309323805567	0.06416419792415144	0.6849727088377929	
0.2832584091604649	0.6589006008823948	0.05784098995714036	
0.4251789321544548	0.37793499625616545	0.1968860715893799	
0.19777219476103372	0.77000044634542	0.03222735889354639	
0.42293703020697443	0.09412216490160996	0.4829408048914155	
0.36323604372966406	0.39008577334162114	0.24667818292871493	
0.4693453080924969	0.4943728589139098	0.03628183299359333	
0.31746693878420135	0.19001438101846635	0.4925186801973323	
0.16072884364295353	0.41013723529045154	0.429133921066595	
0.4447235462513328	0.3830533435516386	0.17222311019702868	
0.333243604087088	0.3076901485875086	0.3590662473254035	
0.09221859196328477	0.47479709579154716	0.4329843122451682	
0.13941573548430203	0.6850390118962545	0.17554525261944356	
0.09597297793400833	0.8949979432464004	0.009029078819591278	
0.4803776311551051	0.19482999236900578	0.3247923764758892	
0.3093696135545304	0.376188009278106	0.3144423771673636	
0.45486274102913493	0.37560778060765787	0.1695294783632072	
0.1364529329567223	0.5785322731483342	0.28501479389494344	
0.3815203096155422	0.2992494051896735	0.3192302851947843	
0.3883165656905623	0.30887060944929656	0.30281282486014105	
0.4399679550607503	0.12629800824463777	0.43373403669461197	
0.2779671738680585	0.3592126172924309	0.3628202088395105	
0.6610994512310938	0.09049840673101885	0.24840214203788735	
0.2855401705034051	0.2669536984640659	0.44750613103252906	
0.0430167923715849	0.4616455127340096	0.4953376948944055	
0.1830970815603023	0.028106324684150575	0.7887965937555472	
0.2203760299841927	0.5742781175146836	0.20534585250112367	
0.3934589603824802	0.09107268996421405	0.5154683496533057	
0.0023566049195527182	0.13873136762975857	0.8589120274506887	
0.5087106977982615	0.028012210934167933	0.46327709126757066	
0.3917637609834127	0.3407709777476329	0.26746526126895437	
0.3004842739626805	0.36669877062394984	0.3328169554133697	
0.3390461505196247	0.2989103762167575	0.36204347326361785	
0.16622385234990472	0.326612613824146	0.5071635338259494	
0.29645162199302333	0.34499749727153234	0.3585508807354443	
0.25115115263384463	0.3539438680964526	0.39490497926970264	
0.08851560000971292	0.4191443827639673	0.49234001722631976	
0.27653387788962613	0.16642982324494265	0.5570362988654312	
0.3531932965839647	0.3932135346211983	0.2535931687948369	
0.5142420243478202	0.3168471459227148	0.16891082972946506	
0.17574244177839038	0.48107655652423637	0.3431810016973732	
0.5085421656441181	0.020435940456522732	0.47102189389935917	
0.46440488165166866	0.3405753246563418	0.19501979369198955	
0.466228375893922	0.2874751315374258	0.2462964925686522	
0.7726522077478606	0.09967268573695141	0.12767510651518804	
0.4831383215344209	0.15061112808818386	0.36625055037739523	
0.4432451530074827	0.11964451657666782	0.43711033041584946	
0.4340105485920574	0.04162367395158094	0.5243657774563616	
0.07369883897890393	0.773154316827178	0.1531468441939181	
0.30074882613511617	0.3268301313177526	0.37242104254713126	
0.40922786889553886	0.2210601007084597	0.36971203039600137	
0.3372374665008772	0.34946718205281	0.3132953514463127	
0.44227361576467045	0.420936848062861	0.13678953617246853	
0.1012527003427838	0.26970475800881116	0.629042541648405	
0.12688497316591457	0.3528262766136141	0.5202887502204712	
0.3906979323862936	0.09959818761486046	0.5097038799988459	
0.8257762036436368	0.0583109074972904	0.11591288885907276	
0.4042564538681867	0.16517668139675185	0.43056686473506145	
0.024467918032603952	0.22828206797382733	0.7472500139935686	
0.5131253697390986	0.15126771865110425	0.335606911609797	
0.18305589064946745	0.37077924880184543	0.44616486054868704	
0.5862766071661102	0.02119409114019696	0.3925293016936928	
0.06093311922126933	0.6802757699348858	0.2587911108438449	
0.24980513632821416	0.2573511131339522	0.4928437505378336	
0.3441304671637354	0.10275731735618489	0.5531122154800796	
0.15553541120308637	0.37255434954141137	0.4719102392555022	
0.7114227389751463	0.11189053116130397	0.1766867298635497	
0.6245542194935398	0.1422645065196258	0.2331812739868344	
0.3865454344327454	0.5456973558576205	0.06775720970963424	
0.4292530862073411	0.434478885159545	0.13626802863311385	
0.05028862425929494	0.43763386920997305	0.512077506530732	
0.05368377137078767	0.6039345885873686	0.3423816400418438	
0.7446641098710622	0.23950728178880087	0.015828608340136902	
0.45923437786587545	0.01591819670414649	0.5248474254299781	
0.16210365226514578	0.17722888604828047	0.6606674616865738	
0.3698051877531715	0.1782978338948527	0.4518969783519759	
0.7359619808424337	0.08243879884049603	0.18159922031707035	
0.404400292003302	0.2244837606345138	0.3711159473621842	
0.7686385334594639	0.0893036609023837	0.14205780563815246	
0.37912814956864016	0.21186849942953756	0.4090033510018222	
0.31442370880932996	0.2966598455740618	0.38891644561660826	
0.5913115008348264	0.18141750596848852	0.2272709931966851	
0.385693724923232	0.17255978526768143	0.44174648980908654	
0.2816970924449613	0.3934471124435599	0.3248557951114787	
0.3181425814792788	0.30746417181902835	0.3743932467016927	
0.493469616622079	0.4001911010788647	0.10633928229905647	
0.2631672083419331	0.28912743700527604	0.44770535465279093	
0.08804171954941367	0.15590756843512157	0.7560507120154647	
0.15946667805338766	0.2928517654834665	0.5476815564631459	
0.1191000842865412	0.22040375608793383	0.6604961596255249	
0.5706728383989881	0.07206133695411474	0.35726582464689716	
0.22147691899871652	0.4527641560770336	0.3257589249242498	
0.2301309911422292	0.3812637684923187	0.3886052403654521	
0.6970314475494994	0.19171417252557812	0.11125437992492232	
0.2134179085536332	0.3176843629694745	0.4688977284768923	
0.35659279189964116	0.3808163416729107	0.26259086642744806	
0.34695245681365067	0.3187148526933551	0.3343326904929943	
0.37514475205738906	0.5698129733073888	0.0550422746352222	
0.5500596070488634	0.40899921885318075	0.04094117409795593	
0.08638702905918279	0.29713115977234955	0.6164818111684677	
0.12048770936220783	0.0807721362132643	0.7987401544245277	
0.26191850744100464	0.32967846103503046	0.4084030315239649	
0.21770600198986892	0.3380902010705463	0.4442037969395848	
0.5761234907516831	0.328433976666838	0.09544253258147882	
0.3741373281902437	0.35616966064463523	0.269693011165121	
0.42560106953590726	0.4316026890373662	0.14279624142672662	
0.750799560119404	0.12538843828326454	0.1238120015973313	
0.27211467280199453	0.530638190501261	0.19724713669674432	
0.37037519352684983	0.3390545309022616	0.29057027557088855	
0.3967042706535571	0.3109899130771295	0.2923058162693134	
0.385069657527143	0.36014930567029857	0.2547810368025585	
0.15894354872621058	0.25287627740561797	0.5881801738681713	
0.10648685311860984	0.6911976147370372	0.20231553214435288	
0.5079587152873092	0.1891216681978917	0.3029196165147991	
0.44578690645826863	0.12678566846101272	0.42742742508071857	
0.5602189158490902	0.410333777863831	0.02944730628707872	
0.36562888194068094	0.17870529436010582	0.45566582369921316	
0.35247987425225724	0.3388468023431701	0.3086733234045726	
0.24336314603757406	0.3210903305991129	0.43554652336331295	
0.2606641135454672	0.4162248000305356	0.3231110864239972	
0.39561233562970344	0.11725941149191413	0.48712825287838246	
0.6466526231795766	0.13881471456651592	0.2145326622539075	
0.2779789152766031	0.33333351215744506	0.38868757256595177	
0.736135383695235	0.12574850850604075	0.13811610779872424	
0.15160465767647455	0.6442647272286408	0.20413061509488456	
0.006147324172386129	0.4725404214438941	0.5213122543837199	
0.47935233971432284	0.18376363701321727	0.33688402327245975	
0.39447592608429316	0.20408926154459717	0.4014348123711097	
0.1113088003442012	0.2567294182593016	0.6319617813964971	
0.09074929570663377	0.49159366496976664	0.4176570393235995	
0.3278003702697603	0.2390956980500145	0.4331039316802253	
0.4103266780745555	0.2827761406239894	0.3068971813014551	
0.23980990892307544	0.5400179529403752	0.2201721381365494	
0.40086761472150617	0.08991990900733614	0.5092124762711577	
0.18583309723686572	0.45198320921594193	0.3621836935471924	
0.3891472638179518	0.3247606944775388	0.2860920417045094	
0.587476636028564	0.12209203535371653	0.29043132861771936	
0.6953744036115004	0.27433051540252834	0.030295080985971213	
0.7901279317315925	0.09338145062243787	0.11649061764596973	
0.17795799406037616	0.5228587216701291	0.2991832842694947	
0.6234115176660167	0.15509187457364199	0.22149660776034144	
0.14652859607444468	0.3950401333565164	0.458431270569039	
0.40792790447938626	0.048340562380485196	0.5437315331401286	
0.41201503918913496	0.364451882731623	0.223533078079242	
0.4415521919053843	0.19121858218995025	0.36722922590466545	
0.503883957942617	0.4882793770296759	0.007836665027707091	
0.42596673569042104	0.38527370700568675	0.1887595573038922	
0.5436899972008937	0.15937550505636003	0.2969344977427462	
0.34196299735280833	0.2519960536686036	0.4060409489785881	
0.4084932332049295	0.2091399155146742	0.3823668512803962	
0.41672053853570334	0.23234445626190856	0.3509350052023881	
0.23687225259044214	0.42034236563818855	0.3427853817713693	
0.1580977459972713	0.13994344150140525	0.7019588125013234	
0.39897101090737946	0.2180574726337627	0.38297151645885785	
0.39970775032274347	0.4296318768768376	0.17066037280041885	
0.17634125511095375	0.41034522375868526	0.4133135211303609	
0.11206326384473747	0.8647775342001677	0.023159201955094893	
0.4515501318313034	0.3415423113707717	0.20690755679792489	
0.5295201316469196	0.4667904464783952	0.0036894218746851446	
0.37720544710641635	0.25545148062488093	0.3673430722687028	
0.4257976335415484	0.28817345574428915	0.28602891071416237	
0.429035516417689	0.4298017022802413	0.14116278130206963	
0.016134356335724877	0.568878775219048	0.41498686844522714	
0.7037842373646176	0.0053321256907191885	0.29088363694466324	
0.46347109499666994	0.31337722898588644	0.22315167601744357	
0.29734446930409403	0.42744945223928166	0.2752060784566243	
0.4347578013452797	0.5461564904940962	0.01908570816062406	
0.43001781454809546	0.23754019056976358	0.33244199488214093	
0.18273795955470717	0.2999754570496317	0.5172865833956611	
0.3962358184276098	0.25724983727192846	0.34651434430046174	
0.2054122022777408	0.7348703256636775	0.0597174720585817	
0.5578230753916044	0.3397600645727068	0.10241686003568876	
0.387995709318003	0.3326555755660036	0.2793487151159934	
0.1312812070118185	0.33566151257985644	0.533057280408325	
0.4626794784742823	0.18777042669962218	0.3495500948260954	
0.40639615254232364	0.5263945622093095	0.0672092852483668	
0.5384116014968634	0.4203833086738878	0.04120508982924887	
0.8725347938525312	0.06009186510000453	0.0673733410474643	
0.10043177366346022	0.5114382470024542	0.38812997933408544	
0.39547211048468545	0.3423915924379675	0.26213629707734687	
0.2933862051927073	0.46309332148812155	0.24352047331917123	
0.4363018921592829	0.06413045620963484	0.4995676516310823	
0.12704327274013588	0.6451326746956486	0.22782405256421553	
0.16131067978985283	0.35689345142958273	0.48179586878056446	
0.49293557979987146	0.4493560126211385	0.05770840757899014	
0.3604571053687345	0.2707506730824638	0.3687922215488017	
0.489073593515855	0.4244716888529944	0.08645471763115077	
0.0796283084930347	0.611858076188141	0.3085136153188242	
0.16041871682405898	0.7954156434943311	0.04416563968160987	
0.027223943451769865	0.5482858665340001	0.42449019001423	
0.643824720148341	0.23943085069270195	0.11674442915895707	
0.5991721330924378	0.11393002480885785	0.28689784209870434	
0.1975697016907174	0.15696620618643264	0.6454640921228499	
0.6085019772825496	0.04368731889386661	0.3478107038235837	
0.553282685006374	0.11893248742411817	0.3277848275695078	
0.5994812782597947	0.026929489724864843	0.3735892320153405	
0.5612717856474669	0.35903208342813137	0.07969613092440166	
0.6358291149317907	0.10397840013953005	0.2601924849286792	
0.30082993110978284	0.6025082398065751	0.09666182908364211	
0.30059255572453214	0.4504415347747258	0.24896590950074204	
0.46538957260677233	0.49268831599529056	0.04192211139793712	
0.5339104328306402	0.34213532105242644	0.12395424611693326	
0.32329766193107884	0.5891409469524206	0.08756139111650041	
0.40087218649369405	0.3227022497084583	0.2764255637978476	
0.4711116115780695	0.06294397779257638	0.4659444106293541	
0.21502232654530828	0.3268687053045643	0.4581089681501274	
0.3262760478398389	0.17274017269028794	0.5009837794698733	
0.47342841014551396	0.36640738244363386	0.16016420741085224	
0.3183801298700616	0.26422138847929805	0.4173984816506404	
0.2951742492082228	0.10534254796548519	0.599483202826292	
0.06931355794014618	0.09004866606925352	0.8406377759906002	
0.6448233787423313	0.26112819141491117	0.09404842984275762	
0.2271748934155646	0.4039184446373335	0.368906661947102	
0.3754136724566455	0.5581456941059759	0.06644063343737848	
0.3255528459287106	0.059773300071563916	0.6146738539997255	
0.41895881664069196	0.034621805684555154	0.5464193776747528	
0.1116839952328381	0.5828602487434257	0.30545575602373626	
0.20030096260493233	0.4722914984835583	0.3274075389115095	
0.25815860041973954	0.6399952672650997	0.1018461323151608	
0.15836975786762025	0.5258696886033449	0.31576055352903487	
0.16602014395094652	0.36289324142904944	0.471086614620004	
0.18244686672861465	0.6207110846674004	0.19684204860398488	
0.12491457051936246	0.48263605308827645	0.3924493763923611	
0.6046346998080183	0.06841230564703328	0.3269529945449484	
0.12699033649951474	0.09069617481084204	0.7823134886896431	
0.17850139120487404	0.6180594681467443	0.20343914064838164	
0.6556242834809074	0.1442115997343338	0.20016411678475868	
0.2214084256679854	0.21764334024428603	0.5609482340877285	
0.1916725901347958	0.6953151935475808	0.11301221631762337	
0.14472879141364978	0.34593287528486044	0.5093383333014897	
0.4523956779931226	0.48213978950778613	0.06546453249909116	
0.020055793494767868	0.20074889889690198	0.7791953076083301	
0.18879784675556546	0.11990224534613768	0.6912999078982969	
0.5464074432497324	0.02778267722524038	0.4258098795250271	
0.26853067352418303	0.3732678387746516	0.3582014877011654	
0.7123247506151872	0.23960627468819906	0.0480689746966137	
0.17593655898521407	0.24214130634136186	0.581922134673424	
0.4439579285633211	0.3142354375533565	0.24180663388332227	
0.08755303676890412	0.723177470305226	0.18926949292586995	
0.3680679193064468	0.24500119009834775	0.38693089059520547	
0.4238351910358747	0.26289249350047206	0.31327231546365336	
0.3058406288831397	0.1655606951251197	0.5285986759917406	
0.026553603757888688	0.3061403928836282	0.667306003358483	
0.07552576255735692	0.40846375521063066	0.5160104822320125	
0.2549442024600628	0.18789029980542	0.5571654977345172	
0.09736976460935098	0.3450944151106352	0.5575358202800138	
0.5508785174626618	0.29205372827005793	0.15706775426728037	
0.5879686366423208	0.01997894436729484	0.39205241899038423	
0.5343128757501417	0.18386901697890898	0.2818181072709493	
0.3076051664998563	0.381105325423329	0.3112895080768147	
0.22538763643692558	0.13732349799263652	0.637288865570438	
0.361795491954594	0.3566922390018003	0.2815122690436057	
0.4409013598201149	0.2455759118405925	0.3135227283392926	
0.5218168503324898	0.26802043127278224	0.21016271839472808	
0.1625620006471947	0.04039348060235083	0.7970445187504545	
0.403062452654885	0.2740534449435283	0.3228841024015868	
0.37927657524298164	0.3772248278755187	0.2434985968814996	
0.5001006002339428	0.19270307633757044	0.30719632342848685	
0.43304243133543124	0.30043198878223165	0.2665255798823371	
0.012303077605787595	0.22778814214578505	0.7599087802484273	
0.012314752556145015	0.5776679949096247	0.4100172525342302	
0.26686196920156174	0.23948462474956583	0.4936534060488724	
0.3275169064856134	0.07519872894023118	0.5972843645741555	
0.2787017861648844	0.5969706717276543	0.12432754210746128	
0.6380105955399004	0.2605069029547514	0.1014825015053483	
0.25204921253762896	0.511392739991842	0.23655804747052903	
0.4301485195180899	0.37442189125784814	0.19542958922406203	
0.39680652344378936	0.31663852174168466	0.2865549548145261	
0.21598107026422683	0.31012179122073286	0.4738971385150404	
0.3318244322264458	0.3700765379309557	0.29809902984259856	
0.09838749566539116	0.39793873397198315	0.5036737703626257	
0.48173735794227834	0.15876137061273946	0.35950127144498223	
0.5558068741790483	0.3286804530517834	0.11551267276916834	
0.46774624491571926	0.08815052938595402	0.4441032256983268	
0.12498295103704156	0.5280510687400884	0.3469659802228699	
0.37961108258314263	0.1367157088574362	0.4836732085594212	
0.18892183915986388	0.4830037246993853	0.32807443614075094	
0.5082849123548	0.09346388794081759	0.3982511997043824	
0.38887763562122213	0.28377479178370185	0.327347572595076	
