0.399915673714421	0.1934569959152969	0.4066273303702821	
0.40484729263438424	0.4906872750515301	0.1044654323140857	
0.2085738678785013	0.22061922378244891	0.5708069083390497	
0.0880642487124118	0.44656751275313294	0.4653682385344553	
0.4982948666612722	0.5006979168403948	0.0010072164983330558	
0.37910934988537026	0.24201774336344317	0.37887290675118657	
0.31207055980890064	0.1808667610255522	0.507062679165547	
0.5333552622746297	0.22209690952381247	0.24454782820155796	
0.23653238831361018	0.3309279296522121	0.4325396820341777	
0.37663937402676745	0.4258771709980728	0.19748345497515973	
0.5133278988219249	0.0951336306147841	0.3915384705632911	
0.5966941978383842	0.09957984646875634	0.3037259556928594	
0.19033784896298903	0.43784670582779184	0.37181544520921916	
0.569718389854921	0.15525323376090536	0.27502837638417366	
0.16373780713355598	0.3404830137925756	0.4957791790738685	
0.2726174761880289	0.3869619516482453	0.3404205721637258	
0.2496752463662481	0.4397925617995813	0.3105321918341707	
0.3713031334474667	0.5180000132572345	0.11069685329529873	
0.49608329473509444	0.0512228857758347	0.4526938194890709	
0.3595557302923214	0.1709743349720382	0.46946993473564025	
0.321354781055869	0.46283487011202923	0.21581034883210176	
0.8332244802365993	0.05322333314261604	0.11355218662078476	
0.35447938963933495	0.35325139055150795	0.2922692198091572	
0.5218925406865773	0.3372480261551845	0.14085943315823823	
0.08999422159358969	0.12466277167768733	0.7853430067287229	
0.36405480817765007	0.43660839953373737	0.1993367922886126	
0.13893720308335275	0.22370660441410564	0.6373561925025416	
0.11430485168762806	0.09683471273696917	0.7888604355754028	
0.4205253641850902	0.30143002998432933	0.2780446058305806	
0.09624960980305337	0.5724667024793958	0.3312836877175508	
0.053508179913364935	0.06966033727521312	0.876831482811422	
0.5226431581683318	0.08710753491539348	0.3902493069162747	
0.45177010312032445	0.19644335618875458	0.35178654069092097	
0.3414004643739286	0.32799010788050587	0.3306094277455655	
0.30841925612370064	0.35884947041977744	0.33273127345652176	
0.10146462213607922	0.8667289580174578	0.03180641984646293	
0.2017871244826801	0.38591393497561605	0.412298940541704	
0.01230573397886495	0.4964287447865832	0.49126552123455186	
0.64747927702505	0.2747174906223683	0.07780323235258166	
0.1317387059909991	0.1777301966650693	0.6905310973439316	
0.47769553784017615	0.5111778297885173	0.011126632371306415	
0.33924330628762145	0.3775111453086771	0.2832455484037015	
0.19181838771052656	0.2510771919420129	0.5571044203474607	
0.07407824886948751	0.6431131604091176	0.2828085907213949	
0.40142692946331526	0.2787854227733165	0.31978764776336815	
0.2768270397691653	0.42254525178906505	0.3006277084417697	
0.36841607052775094	0.24655415893370963	0.38502977053853954	
0.255933680160352	0.34490088152696163	0.39916543831268636	
0.03618517603173077	0.481454671869636	0.48236015209863325	
0.1982882537166845	0.4032594162684729	0.3984523300148427	
0.10342240086601569	0.6513053000096252	0.2452722991243591	
0.35791859523258734	0.23090017332141705	0.41118123144599555	
0.5008439478541691	0.45531122092784765	0.04384483121798324	
0.20258372580088882	0.13788598543464833	0.6595302887644627	
0.3538148816356645	0.10092733721006238	0.5452577811542731	
0.27736747724812433	0.5554549857458092	0.16717753700606644	
0.38329362279332513	0.3239491168144471	0.29275726039222777	
0.1490514064190848	0.3947359039680817	0.4562126896128335	
0.270013682855027	0.2905382011441362	0.43944811600083683	
0.4840735756106993	0.2671006280115666	0.24882579637773414	
0.6389366931738171	0.34028309999759426	0.02078020682858876	
0.617406855539193	0.05616853292002388	0.3264246115407833	
0.44613481681871636	0.5207633709046475	0.03310181227663597	
0.49784609679700503	0.34061956973556945	0.1615343334674255	
0.5151110816442658	0.2572632243192662	0.22762569403646796	
0.30924689000420935	0.5581521866928162	0.1326009233029745	
0.29308000667679035	0.02097001166582212	0.6859499816573875	
0.32195496383161876	0.35912488076293936	0.3189201554054419	
0.3123796209082453	0.3276490756570198	0.359971303434735	
0.32855361923635035	0.02269876305245273	0.6487476177111969	
0.30867770852890747	0.5901207438348443	0.10120154763624836	
0.4415500399177913	0.26709843112913007	0.2913515289530787	
0.3596089655866399	0.025374099111514788	0.6150169353018453	
0.5064535311782477	0.2082410700735718	0.28530539874818045	
0.820417362838865	0.14067151354762278	0.03891112361351217	
0.265213522795622	0.31121441150250884	0.42357206570186917	
0.16737115813791212	0.41718686459440313	0.4154419772676848	
0.35637860254538173	0.4212738522667241	0.22234754518789415	
0.2998367602414607	0.23366531320667103	0.4664979265518682	
0.40444558633189825	0.5534047138608608	0.042149699807241016	
0.04443664906244452	0.8956039499217131	0.05995940101584241	
0.40041148937028515	0.24773562564603763	0.35185288498367717	
0.46770497893864926	0.27244145242245205	0.2598535686388986	
0.010032963972590238	0.44179031859305723	0.5481767174343526	
0.266710536215713	0.5448746119059674	0.18841485187831955	
0.8253288119746052	0.07584653301755935	0.09882465500783544	
0.4620070211686072	0.3055099154108828	0.23248306342051012	
0.38213434099538846	0.3703584266007488	0.24750723240386277	
0.3061662206881722	0.24775959731971633	0.4460741819921115	
0.15365638315474472	0.6310241181891588	0.2153194986560964	
0.16231773039871686	0.3497230963160656	0.4879591732852175	
0.45002729352850135	0.3858681758649868	0.1641045306065118	
0.46886384573729933	0.3636817912519174	0.16745436301078326	
0.5059589274979581	0.13866711436813517	0.3553739581339067	
0.2548980559639928	0.3093836324045779	0.4357183116314295	
0.1804857615931241	0.4060878697672318	0.4134263686396441	
0.2755389082344055	0.37225831114292607	0.3522027806226684	
0.5701307814799822	0.09547039576819394	0.33439882275182387	
0.4462595209587446	0.525971606283964	0.02776887275729143	
0.1427699284004517	0.6733121725501581	0.18391789904939004	
0.28627414185938793	0.3643988361798317	0.34932702196078025	
0.48468433776342823	0.18141251777017584	0.333903144466396	
0.3357774887119633	0.2813037327877599	0.3829187785002768	
0.29046855085085027	0.2840072929476602	0.42552415620148953	
0.34915702985393543	0.5230744605054675	0.12776850964059705	
0.7745684527497452	0.1609606778817301	0.0644708693685249	
0.3278782920706955	0.3419605994306924	0.3301611084986121	
0.38090908896559394	0.27649994607087197	0.34259096496353403	
0.3872904976310542	0.1874707186292722	0.4252387837396736	
0.27359288450395264	0.2982582293418591	0.42814888615418834	
0.47178573171815846	0.5118666009815964	0.01634766730024516	
0.17316186263679106	0.3864943205653864	0.44034381679782253	
0.4314479486945741	0.16517070227205732	0.40338134903336853	
0.24411711382638723	0.3586586687670033	0.39722421740660957	
0.2819111620250339	0.25489612761750374	0.4631927103574624	
0.08449812763623758	0.39277959401733725	0.5227222783464252	
0.44112171548061235	0.18730525937213116	0.37157302514725643	
0.3968323489421214	0.21722430709179685	0.3859433439660819	
0.5528983984761254	0.26356503560118777	0.1835365659226867	
0.35327648167028053	0.49066751142349674	0.15605600690622276	
0.5582382884237366	0.25382113967438347	0.18794057190188002	
0.19352357064461212	0.15278883758874529	0.6536875917666426	
0.36122646640125516	0.11840616465621506	0.5203673689425298	
0.14873610660472808	0.3733325809116559	0.47793131248361603	
0.10034749807900538	0.6042902697917774	0.29536223212921736	
0.5634804847487737	0.0982772055631197	0.33824230968810676	
0.6363863762888697	0.27980161776895446	0.08381200594217576	
0.2296110916404004	0.2536109756943946	0.5167779326652049	
0.14710834956970603	0.22478945858626104	0.6281021918440329	
0.030741112582582802	0.40296725037511766	0.5662916370422996	
0.48442857927816707	0.07057696388599292	0.44499445683584	
0.3275984318677109	0.18245781556726368	0.48994375256502537	
0.36025118604704753	0.3042483652545276	0.33550044869842477	
0.08459162027825391	0.27869604669345643	0.6367123330282896	
0.308851821035886	0.23564992071208554	0.45549825825202833	
0.3477733185007589	0.5240165707029071	0.12821011079633407	
0.4501344092900875	0.34537355152370597	0.20449203918620656	
0.07792035432888178	0.6330959792353503	0.2889836664357679	
0.15908358518509086	0.44645161438018127	0.39446480043472787	
0.4656143344730546	0.44192526785239106	0.09246039767455434	
0.4073929356218024	0.3248520797225447	0.26775498465565284	
0.40032087881154615	0.060539209693159714	0.5391399114952942	
0.06947908246674082	0.44138893467368456	0.4891319828595746	
0.4467417796924714	0.25504578943464806	0.2982124308728805	
0.8372263263881465	0.12229324266497404	0.04048043094687941	
0.6007614504461206	0.07685868412781303	0.3223798654260663	
0.20746115883053876	0.5371957955701168	0.25534304559934456	
0.34862772453771285	0.5996567175549843	0.051715557907302846	
0.5986247955034973	0.12287528169577311	0.2784999228007296	
0.48719092417273896	0.4110995333100626	0.10170954251719837	
0.5043033285799304	0.058643084505473654	0.4370535869145959	
0.28308497172434677	0.29882751526992424	0.41808751300572905	
0.42529287404369776	0.0559912760545511	0.5187158499017511	
0.5063920721874503	0.13519339525125593	0.3584145325612937	
0.3877314184037974	0.5906563838949083	0.02161219770129438	
0.26170818256548534	0.2480887844153602	0.4902030330191545	
0.44396538788337103	0.4234619600074818	0.13257265210914732	
0.42961957231946885	0.5033027218459143	0.06707770583461681	
0.10281417419767672	0.5825729005919658	0.3146129252103575	
0.0480728174345338	0.5597133397468659	0.39221384281860033	
0.3882983654209217	0.3058174437947834	0.3058841907842949	
0.41470453075755287	0.39601416155512176	0.1892813076873254	
0.24117250576739307	0.4003364779098095	0.35849101632279745	
0.5164384097367305	0.346042984012399	0.13751860625087042	
0.419355027565396	0.1156702582289431	0.4649747142056609	
0.3174489374322347	0.37905086893171624	0.303500193636049	
0.20842286803980423	0.34161913349804784	0.4499579984621478	
0.3243213337373133	0.3684879630053134	0.3071907032573733	
0.08335077776764933	0.5128348824798852	0.4038143397524655	
0.38326483832466646	0.22055118003247076	0.3961839816428628	
0.14574678374925387	0.1076763152489274	0.7465769010018186	
0.48222340784895507	0.37852158427358806	0.1392550078774569	
0.13217647660212517	0.40896431432998315	0.45885920906789174	
0.06982135886643161	0.43946441067950603	0.49071423045406243	
0.3108233613229492	0.22619664659205121	0.4629799920849995	
0.5426107217807905	0.41767896745193545	0.039710310767273896	
0.22866304202942142	0.432046597599257	0.33929036037132143	
0.24576458668619452	0.5812660206680891	0.17296939264571642	
0.5142526656442442	0.23855213697839142	0.24719519737736445	
0.46198941468918037	0.4015000145329548	0.13651057077786488	
0.05156961976480542	0.5100291316376621	0.43840124859753254	
0.13809227151222211	0.4455721072667954	0.4163356212209825	
0.37608154956756473	0.5088983242996242	0.11502012613281101	
0.32304372771831735	0.17823528771035696	0.49872098457132574	
0.342559061664004	0.5851988152013043	0.07224212313469165	
0.3980530181070875	0.06003075545175394	0.5419162264411587	
0.6328736062625426	0.1559792119504984	0.21114718178695904	
0.2139084590647506	0.5173633378942099	0.2687282030410395	
0.026902464673755993	0.7087422725405246	0.2643552627857194	
0.5640512412561292	0.3974059988216587	0.038542759922212136	
0.12123419793270745	0.35460106685990733	0.5241647352073853	
0.00522020884793248	0.037443595834020287	0.9573361953180473	
0.4307417560827189	0.3939420277672142	0.1753162161500669	
0.35837184364229463	0.40140961494919497	0.2402185414085103	
0.35861850110538135	0.388441640301207	0.2529398585934118	
0.0889347423265217	0.6301292622830063	0.28093599539047204	
0.350916033623527	0.43892493473940475	0.2101590316370683	
0.41657526035676007	0.482399626132804	0.10102511351043585	
0.23206889941119113	0.19770760878868968	0.5702234918001192	
0.2045017105485302	0.47811851569732006	0.3173797737541497	
0.4133771130187668	0.021271154161472756	0.5653517328197605	
0.25028873132573964	0.6370658691571349	0.1126453995171254	
0.183324687223218	0.615390144585113	0.20128516819166886	
0.27432963473365735	0.2497986278069493	0.4758717374593933	
0.0566496267211558	0.5508545314764648	0.39249584180237934	
0.27708007736119483	0.16355937122371877	0.5593605514150864	
0.3352191665772374	0.15333549021683643	0.5114453432059262	
0.35345542293542864	0.31837992301668694	0.3281646540478845	
0.36641785555068973	0.17313215079410388	0.46044999365520645	
0.6018834397486535	0.10682853287811828	0.2912880273732281	
0.4498786844919658	0.11460882805820667	0.4355124874498275	
0.28704171464574685	0.3944969175076445	0.3184613678466086	
0.3245965998579732	0.23127149278245854	0.4441319073595682	
0.03177918510755229	0.030068448786342187	0.9381523661061055	
0.3106034211610189	0.45228911118813314	0.2371074676508479	
0.28142882329971436	0.46266205939881916	0.2559091173014665	
0.1559460347365063	0.6835809513794785	0.1604730138840151	
0.10831912510152396	0.7906981511569521	0.10098272374152385	
0.38487200383338976	0.3774021542323084	0.2377258419343017	
0.32309437887346604	0.3239020949918528	0.35300352613468117	
0.3285354359418197	0.4489078144923277	0.22255674956585256	
0.5438092144103508	0.44643628295665133	0.009754502632997786	
0.4537115981821354	0.4240424882266995	0.12224591359116507	
0.3788063744967312	0.10181212862431617	0.5193814968789526	
0.2879608623872273	0.13180717421506025	0.5802319633977125	
0.2564023010980673	0.021628580404531722	0.721969118497401	
0.2240117008886932	0.3665926494237333	0.4093956496875735	
0.3104785467945174	0.14601976100875724	0.5435016921967254	
0.6211517171455196	0.2010737973030018	0.1777744855514786	
0.24371498874457226	0.25266439991601763	0.50362061133941	
0.23308771843789	0.2000965457685958	0.5668157357935141	
0.016718995478574913	0.36478580079031137	0.6184952037311137	
0.5455317220774125	0.2856734058475428	0.16879487207504465	
0.10211512015621613	0.2189856807818241	0.6788991990619598	
0.34528338218949034	0.31459129523077	0.34012532257973965	
0.21161971133607757	0.3267824339380512	0.4615978547258713	
0.06644264949744672	0.6113800389706491	0.3221773115319043	
0.31394586609924846	0.3833036419965956	0.302750491904156	
0.3592618086240662	0.25866136516763305	0.38207682620830075	
0.38460464698527996	0.15666493422422426	0.4587304187904957	
0.7167414408277608	0.2100915743414243	0.07316698483081492	
0.1831414511632652	0.6812701097807013	0.1355884390560335	
0.28264424344154965	0.2337724574986977	0.48358329905975267	
0.3498799027858782	0.39263286068247755	0.25748723653164435	
0.644205018006286	0.24458405703614342	0.11121092495757055	
0.024642070788573073	0.41507004815715276	0.5602878810542742	
0.4429713738887458	0.5458868217189743	0.011141804392279978	
0.550651250184469	0.3434330490173725	0.10591570079815851	
0.938297489506936	0.06043321668385249	0.001269293809211486	
0.2477433356222016	0.5505523184166887	0.20170434596110973	
0.1863888769582362	0.12052037248915486	0.6930907505526089	
0.5386881084473368	0.25532168923106585	0.20599020232159726	
0.3556816151952213	0.3966716214255343	0.2476467633792445	
0.4885300573041192	0.04407729710548305	0.4673926455903978	
0.272905694406486	0.43973378150280074	0.2873605240907133	
0.3608419372226534	0.3091049856709567	0.33005307710638987	
0.45603946689993713	0.4375314748424553	0.10642905825760758	
0.46917775666819195	0.30814656778969624	0.22267567554211184	
0.47672294368698176	0.3166493466582059	0.20662770965481245	
0.13004330316318696	0.46182927125510637	0.4081274255817066	
0.1311746878600746	0.757895867056752	0.11092944508317332	
0.31664089837175646	0.2327535303172345	0.45060557131100903	
0.39115313435912114	0.15859289900429752	0.45025396663658135	
0.8495729042630801	0.01314562819641078	0.13728146754050916	
0.39042350836016393	0.20136174868886542	0.4082147429509706	
0.2713481873209118	0.4652875695086891	0.2633642431703991	
0.48580512464444336	0.12450779841728268	0.3896870769382739	
0.5809158556570024	0.2986438854330553	0.1204402589099423	
0.15131196118912807	0.12009503423467033	0.7285930045762017	
0.32579250893698747	0.3431166587156463	0.33109083234736625	
0.22379272358511584	0.7032241228330078	0.0729831535818763	
0.04266528911807483	0.6372505453026787	0.32008416557924657	
0.07712289969661634	0.748454371998145	0.1744227283052386	
0.36348584046913057	0.17019003371575825	0.4663241258151112	
0.3201055239500114	0.46889581343544534	0.21099866261454323	
0.6424576100988661	0.3376113299179943	0.0199310599831395	
0.3697381286960227	0.1941781213624533	0.43608374994152416	
0.21030706456465464	0.2212485876862381	0.5684443477491073	
0.26929537973454254	0.4211320537702171	0.30957256649524034	
0.11299289646280873	0.38341917556390687	0.5035879279732843	
0.4510106790194202	0.28322045087219017	0.26576887010838973	
0.22736411711207963	0.2212699203933353	0.5513659624945851	
0.29100195357183645	0.36208153911633617	0.3469165073118275	
0.11218503586871413	0.3009566330293586	0.5868583311019273	
0.06368936129691645	0.45377107095149943	0.482539567751584	
0.08862150778185383	0.7272673264038846	0.18411116581426165	
0.351718467762384	0.3886557473532584	0.2596257848843575	
0.5457029967378678	0.3614423513154078	0.09285465194672453	
0.5263688525690585	0.2822944080906399	0.19133673934030157	
0.3901585724366015	0.3909378115841953	0.2189036159792033	
0.010686313112565368	0.260400331497402	0.7289133553900325	
0.18788437883564402	0.5770909317109943	0.2350246894533618	
0.07699208913198644	0.22838171807926477	0.6946261927887488	
0.2789667352759758	0.08814427010656567	0.6328889946174585	
0.4094517108512294	0.0053490043486019954	0.5851992848001686	
0.5332776701230518	0.011023597553120115	0.4556987323238282	
0.02932490089851403	0.0929694175650425	0.8777056815364435	
0.4325902810197273	0.12066083370786006	0.4467488852724127	
0.43346334376216467	0.22521739145709085	0.34131926478074437	
0.3604936469232229	0.19112804826501706	0.44837830481176005	
0.2870116241503451	0.17682186424860935	0.5361665116010454	
0.05439025735150839	0.3687919700269913	0.5768177726215002	
0.11289403852482069	0.5688314885348837	0.31827447294029565	
0.22257452285486984	0.4261467627532457	0.3512787143918844	
0.19760471816049366	0.3324819196421838	0.4699133621973225	
0.3256526536106714	0.06929615996106542	0.6050511864282632	
0.6389632721490643	0.24173024994351958	0.11930647790741601	
0.41027496055225776	0.4502022754539284	0.13952276399381383	
0.3627293975991274	0.41667306564741463	0.22059753675345803	
0.3755617710440258	0.29194089861565026	0.3324973303403241	
0.5447543448286247	0.2858239644223851	0.1694216907489902	
0.0627052361245754	0.28428208974772295	0.6530126741277016	
0.3118657458598706	0.39183975220686235	0.29629450193326695	
0.3042094192999406	0.39643835082973644	0.29935222987032295	
0.2220835653920391	0.40962960165638085	0.36828683295158016	
0.4141087000970045	0.08253192037769021	0.5033593795253054	
0.41935696366193237	0.07702991722703455	0.5036131191110331	
0.35733186585828536	0.18480520902124595	0.45786292512046867	
0.0405911480855652	0.3333271064189604	0.6260817454954744	
0.28124681295288945	0.26744957336862885	0.45130361367848176	
0.21569452484211385	0.33561045759424973	0.44869501756363633	
0.41021917233070915	0.19287894628440366	0.3969018813848872	
0.27829832934021287	0.39362232321646995	0.32807934744331724	
0.49134366008934616	0.2152562060839521	0.2934001338267017	
0.05861997991990123	0.6788171898327456	0.2625628302473531	
0.05143327222483707	0.5298375501742308	0.4187291776009321	
0.020733873760247754	0.38444605388855546	0.5948200723511968	
0.3053651707196548	0.38428871921881136	0.3103461100615339	
0.46487817392688097	0.3472008884769739	0.18792093759614514	
0.6112608555759392	0.11933226252407972	0.2694068818999811	
0.4941441947641741	0.3225118341962194	0.1833439710396065	
0.3319718024106759	0.2974960004678563	0.37053219712146773	
0.45538449090803806	0.35042316522810574	0.19419234386385614	
0.23628977962472797	0.7001217656859179	0.06358845468935428	
0.06203535172385198	0.26428750640118426	0.6736771418749637	
0.3441908578243613	0.5105049328474331	0.1453042093282055	
0.43307206848818497	0.28264047043880175	0.2842874610730132	
0.411037630649795	0.29440870990726725	0.29455365944293777	
0.4722240414584364	0.505255201379105	0.022520757162458594	
0.45227394064560406	0.23393446433283926	0.3137915950215566	
0.25126016615951813	0.33229997009160955	0.4164398637488722	
0.42876035390694867	0.38380472092389784	0.18743492516915347	
0.5016902026244101	0.3562781312370748	0.14203166613851503	
0.5124348660187676	0.23946319708658542	0.24810193689464682	
0.2812223426681678	0.33338883502529043	0.38538882230654176	
0.20741670510273463	0.26851833327682023	0.5240649616204451	
0.7376925626932382	0.1746370306655534	0.08767040664120844	
0.2884742559926902	0.15319589555558866	0.5583298484517212	
0.03029607084505197	0.5901507922549231	0.379553136900025	
0.21282318145552617	0.1673006796063592	0.6198761389381146	
0.32695016311476544	0.53113242529166	0.14191741159357454	
0.6465474885478412	0.1957742412545908	0.15767827019756803	
0.38700387572322875	0.06042175210602286	0.5525743721707485	
0.1756667775216866	0.31726065718359503	0.5070725652947183	
0.09067394917137643	0.2107182675276873	0.6986077833009363	
0.44376727466800714	0.25850733746061766	0.2977253878713752	
0.41954396105891945	0.08049921905452673	0.4999568198865538	
0.3498917710949793	0.3477166330922254	0.3023915958127953	
0.4599801816205179	0.2529814798511926	0.2870383385282894	
0.33812390297499534	0.11526931626618585	0.5466067807588187	
0.4781065246154828	0.1443790010668565	0.3775144743176606	
0.11091205076622669	0.3275850707355529	0.5615028784982203	
0.435924975902472	0.10550815150808378	0.45856687258944423	
0.5224381876623754	0.17583714106616563	0.30172467127145897	
0.2585221640709403	0.3868287541205169	0.3546490818085428	
0.22850503449189302	0.45232546125733963	0.3191695042507673	
0.04966086298454041	0.7508074607672799	0.1995316762481798	
0.38867213648419635	0.2695449344161751	0.34178292909962865	
0.22592165414415605	0.30997454680280156	0.46410379905304244	
0.39613242479266186	0.5062948517223126	0.09757272348502559	
0.8239238324472045	0.13816992720548749	0.03790624034730807	
0.22393965065252308	0.5151169692392231	0.2609433801082538	
0.37038824748301435	0.4321583248984961	0.1974534276184896	
0.050421945816510015	0.6736477344832071	0.2759303197002829	
0.2707618194601682	0.08096676549762687	0.648271415042205	
0.43299007700163905	0.11749426532567958	0.44951565767268137	
0.3429289399604912	0.5192094663166266	0.1378615937228822	
0.021595190298767473	0.44691905271239685	0.5314857569888357	
0.5262884203229239	0.19968167382513585	0.27402990585194026	
0.43389070949697384	0.3942805380965697	0.1718287524064564	
0.011875917892179776	0.7435643971347561	0.24455968497306405	
0.2584478461290131	0.3822873747090741	0.35926477916191274	
0.47707134189959227	0.48684904389104716	0.036079614209360594	
0.4287965707943056	0.3545685366032689	0.21663489260242544	
0.1194445029892529	0.44109553051231665	0.43945996649843044	
0.5000113907110281	0.13951599107338106	0.36047261821559085	
0.33905330126301325	0.2649123319517066	0.3960343667852802	
0.026412261364980254	0.8861738281430146	0.08741391049200516	
0.31461527536755846	0.2722456728629341	0.4131390517695074	
0.11246296092153087	0.75415616032477	0.13338087875369917	
0.19923864021272444	0.3904278164968654	0.41033354329041016	
0.09158931729009098	0.4493747755940613	0.4590359071158478	
0.2952694821863547	0.32989976842482444	0.37483074938882094	
0.16419912910674253	0.45495509367484727	0.38084577721841023	
0.32115674557551366	0.37263888985285426	0.306204364571632	
0.3005799612992874	0.3946773065325008	0.3047427321682118	
0.028983299621175324	0.4528590253057584	0.5181576750730663	
0.38633142982712565	0.11268321359413538	0.5009853565787391	
0.20839530829074307	0.21969901987826698	0.5719056718309901	
0.33620059066590574	0.3240677383552344	0.33973167097885987	
0.3285731264398253	0.2268403491719478	0.44458652438822693	
0.29484551413453125	0.20824715571072128	0.4969073301547475	
0.13596579008875223	0.5014453047793764	0.36258890513187136	
0.1747996404041788	0.6997618208174256	0.12543853877839564	
0.5656043574922166	0.12480416676752266	0.3095914757402607	
0.1063656147359511	0.25901999056848796	0.634614394695561	
0.1231119819569924	0.2810980376368295	0.5957899804061781	
0.08718343939832458	0.7363267134576095	0.17648984714406596	
0.3373974941335267	0.5912695331717244	0.07133297269474893	
0.4546431686751145	0.18979794633893282	0.3555588849859528	
0.21362967588522802	0.43918445730966854	0.3471858668051033	
0.5385808357253804	0.04453256843852553	0.41688659583609405	
0.27781498879943534	0.030000499402264753	0.6921845117982999	
0.1762126220680865	0.45256222382856787	0.3712251541033456	
0.5040449890490417	0.18080484040866945	0.3151501705422888	
0.4438286102146649	0.47832054396519286	0.07785084582014228	
0.1970463438036266	0.5443115267369117	0.2586421294594616	
0.47604621287591287	0.32949281447618767	0.19446097264789944	
0.33048228083016595	0.35295668471785013	0.31656103445198397	
0.09369267303556404	0.5277804785089542	0.3785268484554818	
0.5032926443250282	0.40121347231840804	0.09549388335656377	
0.38353137735673404	0.3334309732117069	0.28303764943155896	
0.6638733211548875	0.33200866245733157	0.00411801638778106	
0.14525481671913695	0.4998189685451758	0.3549262147356872	
0.10089633141144819	0.09730494515477768	0.8017987234337742	
0.31565141983261574	0.3349014350801602	0.3494471450872241	
0.05155131203627091	0.33210020560941145	0.6163484823543177	
0.32502124055971654	0.5471642536705548	0.12781450576972866	
0.03903026841588722	0.5643257137257538	0.396644017858359	
0.40685148017471906	0.46942060329727414	0.12372791652800674	
0.28975978499538996	0.481879969258379	0.2283602457462309	
0.19357539396145781	0.41719500336405063	0.3892296026744916	
0.6271218017509121	0.27945834479382214	0.09341985345526571	
0.001740937251268573	0.7649721808576644	0.23328688189106703	
0.26551222937839575	0.34050740601284757	0.39398036460875663	
0.3951298005366065	0.3127524324035105	0.29211776705988296	
0.409757255983564	0.1995611171124777	0.39068162690395836	
0.410248674453563	0.32912575774443076	0.2606255678020062	
0.037190974353345806	0.40951651828607555	0.5532925073605787	
0.3088172348093033	0.21689175904771288	0.4742910061429838	
0.43913350722249045	0.1539093047516726	0.406957188025837	
0.4549495273019948	0.26377238825638005	0.2812780844416252	
0.7161643830270006	0.21378426353509855	0.07005135343790082	
0.41177956290369466	0.5672288320381579	0.020991605058147404	
0.22557094237290473	0.2775192696487614	0.4969097879783338	
0.37884981201520207	0.41986817201176174	0.2012820159730362	
0.0032966243328265746	0.554841225090649	0.44186215057652434	
0.2930471479133217	0.20774933091869624	0.499203521167982	
0.49969837306172066	0.23894385135790502	0.26135777558037426	
0.40404028925759894	0.3679484356454381	0.22801127509696306	
0.42990093077499747	0.41560113548145244	0.15449793374355006	
0.32503129369206074	0.13925979978783368	0.5357089065201056	
0.3295137088381151	0.38154331157522514	0.2889429795866598	
0.26434842720741564	0.08120528679611752	0.6544462859964668	
0.3785163342890443	0.16543189897110974	0.45605176673984593	
0.347557065633956	0.1332096943281459	0.5192332400378982	
0.501070937619758	0.4916566798086221	0.007272382571619901	
0.3346652178742779	0.5192819675839763	0.14605281454174585	
0.04594853565817097	0.3690120919117896	0.5850393724300395	
0.3009525010361892	0.4985027947318204	0.2005447042319903	
0.3719108308653008	0.2572117586892915	0.3708774104454077	
0.07122943826658104	0.8934090082122833	0.03536155352113567	
0.7188351715378711	0.21666037937808444	0.06450444908404447	
0.1917122979682809	0.5938100342598437	0.21447766777187546	
0.1427113901852945	0.3901006830848768	0.4671879267298288	
0.3728276872766944	0.07200258249808893	0.5551697302252167	
0.3592347135875317	0.3267738406346606	0.3139914457778077	
0.29535085685117507	0.28991118971049373	0.4147379534383312	
0.21505709275229862	0.37792546647092207	0.40701744077677926	
0.09917493995534586	0.37403089489540076	0.5267941651492534	
0.39056048313962777	0.3795117221044737	0.22992779475589836	
0.20284268303875289	0.3729923846439391	0.42416493231730795	
0.3689165833123392	0.38241192682867264	0.2486714898589881	
0.036799432365872756	0.46653094413882606	0.49666962349530114	
0.04818904905376139	0.5723726983958188	0.3794382525504198	
0.10312808604279439	0.16465459309623418	0.7322173208609716	
0.1308201643047505	0.6064858705142918	0.26269396518095767	
0.4231291617533797	0.11988450019360321	0.45698633805301697	
0.537416747699384	0.2760521825683397	0.18653106973227637	
0.570059172390509	0.03725155258231331	0.39268927502717776	
0.4025292169365806	0.4741654759534246	0.12330530710999475	
0.5750473330307447	0.04928974231148776	0.3756629246577676	
0.570348441576925	0.28516329647637556	0.14448826194669928	
0.29292193606148575	0.5405716469228576	0.16650641701565663	
0.0071730367057331245	0.635547095722676	0.35727986757159086	
0.2513132047523936	0.3102262718547817	0.4384605233928248	
0.24447248087617124	0.10295729808651168	0.6525702210373171	
0.305559228871524	0.21867329494033802	0.4757674761881381	
0.3768825519346062	0.2937337143094422	0.3293837337559517	
0.4153788950377938	0.18829341107369846	0.39632769388850775	
0.029876302020876478	0.6698078748323122	0.3003158231468114	
0.3771962385821681	0.5437993847186667	0.07900437669916521	
0.3180753187313841	0.33640360803778	0.3455210732308357	
0.21255700552036053	0.6029847313376674	0.1844582631419722	
0.06921593418722426	0.5172958764779533	0.4134881893348224	
0.17600656461144631	0.5355932937209447	0.2884001416676089	
0.6114945726084747	0.20190930853770583	0.18659611885381946	
0.47939037960458325	0.5086407619208868	0.01196885847453014	
0.3692752591823691	0.336051414564792	0.2946733262528389	
0.23146914385281517	0.5044588181713165	0.2640720379758683	
0.10541632929203752	0.6259170014322355	0.2686666692757271	
0.061596043073155235	0.31907883120752145	0.6193251257193234	
0.5120949381517855	0.3736021658062251	0.11430289604198939	
0.33414128069888954	0.05489916939206998	0.6109595499090406	
0.1601542427477286	0.40443792672055245	0.43540783053171905	
0.21359664616938004	0.41534310900143767	0.3710602448291823	
0.37845980175134863	0.3115203035204065	0.310019894728245	
0.5422319263822336	0.2639103010432646	0.19385777257450185	
0.03669602989891225	0.118776859446047	0.8445271106550408	
0.292881915408545	0.35110002310854266	0.3560180614829123	
0.45629808852832193	0.03490329560654651	0.5087986158651315	
0.31913217803622324	0.4101081339129418	0.27075968805083483	
0.14029485054725907	0.5924261783160061	0.2672789711367348	
0.4810863767946935	0.07049348188179669	0.4484201413235098	
0.23858753984504236	0.28376951319225124	0.4776429469627064	
0.7850699702690558	0.12036402600756693	0.09456600372337715	
0.512327073017163	0.45915079209118215	0.028522134891654914	
0.41360317862173857	0.4354442726518074	0.15095254872645403	
0.17190891792744029	0.4821167213913451	0.3459743606812146	
0.4023926543082208	0.5014528177081109	0.09615452798366828	
0.35702695715860966	0.2989983942350445	0.3439746486063458	
0.049461470203068285	0.8277991429303196	0.12273938686661204	
0.8206725503314536	0.15092848705284473	0.02839896261570177	
0.44016018241778293	0.19013707535990054	0.36970274222231647	
0.37529340053902543	0.1704296536901915	0.4542769457707831	
0.4422813358117371	0.5411324270179828	0.016586237170280006	
0.08641326883782745	0.42581957983692653	0.487767151325246	
0.4182383741539071	0.24679123983388424	0.33497038601220885	
0.18697842772925954	0.32910395137199	0.4839176208987504	
0.1482171174983045	0.785762434992957	0.06602044750873855	
0.3503593435469274	0.37965676778616525	0.26998388866690737	
0.3021479330002734	0.40808106514863385	0.2897710018510928	
0.3451141519438692	0.31094961466451854	0.3439362333916122	
0.46965256896925744	0.0973161269014946	0.43303130412924795	
0.43088541919220075	0.42318696068379985	0.14592762012399949	
0.20276724310661412	0.24737533759604646	0.5498574192973394	
0.2621681425835467	0.18180046598163524	0.5560313914348181	
0.46190895090256756	0.23166162860250755	0.30642942049492494	
0.3401950829791991	0.07134212776722569	0.5884627892535752	
0.45737875636775277	0.14488919259403046	0.3977320510382168	
0.22126132607227825	0.11992994699161859	0.6588087269361032	
0.5734422890972369	0.05009447066732359	0.37646324023543953	
0.24499073526027865	0.26006835814948737	0.494940906590234	
0.14086224827727867	0.3096108590908288	0.5495268926318926	
0.27490521660497474	0.5252883918316248	0.19980639156340038	
0.007290552459465132	0.5114006292046622	0.48130881833587263	
0.23877402590141347	0.16470581484220814	0.5965201592563785	
0.2884805170321973	0.3634726115918237	0.348046871375979	
0.07557622966819535	0.896398403536483	0.02802536679532166	
0.15036456716521449	0.8406892950947951	0.008946137739990517	
0.5748972746618741	0.06944495378428002	0.3556577715538459	
0.12864002910620806	0.3465632611870042	0.5247967097067876	
0.02293025392865459	0.4906259554203532	0.48644379065099225	
0.45311959570698196	0.3078478756649624	0.23903252862805574	
0.45141766196581723	0.12496408347407997	0.4236182545601027	
0.2186572041113726	0.5989305037032785	0.182412292185349	
0.3969486945571316	0.3212134430038147	0.2818378624390538	
0.5338928743380181	0.44704470231020976	0.01906242335177214	
0.05563006907705343	0.49414551649104227	0.4502244144319043	
0.10030243044468393	0.3978442117764035	0.5018533577789126	
0.4157609141619334	0.41598330304169795	0.16825578279636857	
0.6930258965155999	0.19302053649364573	0.11395356699075426	
0.16244922079744972	0.35703799282727194	0.4805127863752783	
0.4385937365401656	0.4385473475137952	0.12285891594603919	
0.2481189589428376	0.3282033517391408	0.4236776893180216	
0.12290204704213831	0.7053651112146809	0.17173284174318074	
0.7303952101488851	0.2507213790503093	0.018883410800805574	
0.21949836832707614	0.15817151610393476	0.6223301155689891	
0.3584341489975258	0.33113047908729265	0.3104353719151815	
0.15386906226305322	0.20531201661393428	0.6408189211230126	
0.2812041366825236	0.4910219074295854	0.22777395588789096	
0.3526840235868905	0.32879801649968715	0.31851795991342235	
0.19586749881667198	0.27563241254563015	0.5285000886376979	
0.7886910918746901	0.1664060904012898	0.044902817724020126	
0.419664170021812	0.08323636685366503	0.497099463124523	
0.11446929222509207	0.692286531780542	0.19324417599436602	
0.48287993722491274	0.09894326082608876	0.4181768019489986	
0.4910470492454518	0.45215686254035464	0.056796088214193685	
0.8523218459332315	0.12968371588790753	0.017994438178861007	
0.42404797318986626	0.27871863213566733	0.2972333946744665	
0.4302709341933231	0.048867248419087884	0.5208618173875891	
0.15050361781193786	0.4005776167267371	0.44891876546132514	
0.14404671944257494	0.2474287019461643	0.6085245786112607	
0.009273852438565827	0.04261689298045327	0.9481092545809809	
0.18720575464791891	0.40503206818580517	0.407762177166276	
0.20521630399716453	0.26997707036954555	0.52480662563329	
0.4681023308360332	0.1257340645983589	0.40616360456560796	
0.5907732956428643	0.39011600455513046	0.019110699802005443	
0.3197004743247764	0.4551039884800582	0.22519553719516533	
0.03148902763233547	0.8904856693235514	0.07802530304411306	
0.040364532978486856	0.8337118972054035	0.12592356981610967	
0.20352554413195884	0.2794090685588032	0.517065387309238	
0.4108115682880402	0.4056352508830194	0.18355318082894048	
0.26454811025173386	0.5507557765936796	0.18469611315458653	
0.461283523235836	0.46324744015211594	0.07546903661204815	
0.29324145090742926	0.33911283519669105	0.3676457138958796	
0.22900942054082457	0.5351229272533042	0.23586765220587122	
0.30234120948914356	0.1548488435973856	0.5428099469134708	
0.18319482959223093	0.38492976208715657	0.43187540832061244	
0.11790269604067312	0.40180731083604654	0.4802899931232804	
0.18150656622418235	0.7541206266950194	0.06437280708079805	
0.1162791699462222	0.8355118611319596	0.04820896892181813	
0.5756269839217525	0.14810526076154573	0.2762677553167017	
0.33712440563189083	0.413075771489547	0.24979982287856223	
0.0672636364927403	0.7579555747203985	0.17478078878686118	
0.0120737811397712	0.4016337234832193	0.5862924953770096	
0.194668074040136	0.5193737851277802	0.2859581408320839	
0.5483376310672171	0.29310898616182923	0.15855338277095363	
0.1692175719779904	0.08352584221758749	0.7472565858044221	
0.29268303284949565	0.05429386111937141	0.6530231060311329	
0.3719272582680229	0.400834948567899	0.22723779316407813	
0.27874432499291646	0.47058309569382584	0.2506725793132577	
0.23650686292368228	0.26994731431357694	0.49354582276274084	
0.34838152486382706	0.3390054954501167	0.3126129796860562	
0.1363843894024072	0.07531635151017906	0.7882992590874137	
0.33451023711046923	0.16545943517240358	0.5000303277171272	
0.4643279573377435	0.26784015016824464	0.26783189249401185	
0.10656782587726024	0.4687917363156224	0.42464043780711724	
0.3040994298409737	0.32280795968294923	0.37309261047607706	
0.02646483612955712	0.6179763569801844	0.3555588068902586	
0.6867357509123357	0.13441864755217162	0.1788456015354927	
0.3060878401857752	0.3464040038853873	0.34750815592883755	
0.33450816353126467	0.3373076530488815	0.32818418341985384	
0.1502500519463662	0.2721944994662474	0.5775554485873864	
0.501483347454181	0.1877352759033046	0.3107813766425145	
0.4314655158918272	0.5660192904389358	0.002515193669236952	
0.30039672479885293	0.27693749193610034	0.4226657832650466	
0.246283808048154	0.40760891130366605	0.3461072806481799	
0.34698391134718565	0.6180094854085029	0.03500660324431136	
0.3975705368672713	0.39600837205417	0.20642109107855872	
0.1468605173785641	0.4836983815672263	0.3694411010542095	
0.2648919371032495	0.0661969526080899	0.6689111102886606	
0.6288803045790147	0.2455937964722371	0.1255258989487481	
0.48063238029239386	0.3578217435441553	0.16154587616345092	
0.3095710700832641	0.514538078381066	0.1758908515356699	
0.20554280010222614	0.41796344607816105	0.3764937538196129	
0.42229364447919676	0.14554333289236335	0.4321630226284399	
0.20969884338591233	0.5265894062946428	0.26371175031944477	
0.15848780423466236	0.41321231171118716	0.42829988405415054	
0.4032958901381341	0.09181123203511059	0.5048928778267552	
0.14219445099974884	0.22123914931626504	0.6365663996839861	
0.5265592897198769	0.18048529657820345	0.29295541370191974	
0.3879891370093341	0.3540491914230958	0.2579616715675701	
0.11060958079255824	0.1413493348282973	0.7480410843791444	
0.3345449549162319	0.32621455479669154	0.3392404902870766	
0.03574275119254802	0.3317067440675179	0.6325505047399341	
0.7041148527573318	0.1689367798918995	0.1269483673507688	
0.2951695954512233	0.2965763233795422	0.4082540811692345	
0.47023804303387945	0.02518223572537279	0.5045797212407478	
0.21128917101350608	0.31822557928052053	0.4704852497059734	
0.3951965365994884	0.3043898432021317	0.30041362019837997	
0.28892657293042495	0.34880833654469684	0.36226509052487815	
0.24113327107893812	0.36270915529705827	0.39615757362400356	
0.33005769496456777	0.4898772499908799	0.18006505504455228	
0.3941384204297143	0.20142669447957753	0.4044348850907081	
0.04764285865023468	0.4467404757644902	0.5056166655852751	
0.3563367234934155	0.3421234810963656	0.30153979541021886	
0.5736715368880314	0.291969684258178	0.13435877885379063	
0.33292668837939654	0.025110019495240804	0.6419632921253627	
0.45809350663796766	0.3964850622796547	0.14542143108237765	
0.7659856621813476	0.0829394272619894	0.15107491055666306	
0.12635693212335297	0.33779973783017914	0.5358433300464679	
0.4286071038339345	0.06458362162024596	0.5068092745458195	
0.39627180543289753	0.24696683091437444	0.35676136365272804	
0.2127158474879495	0.36556468450893237	0.4217194680031183	
0.40936277268464577	0.513110396724709	0.07752683059064523	
0.19202528155382745	0.5782951424199323	0.22967957602624034	
0.3530043905922789	0.33884939283250126	0.30814621657521984	
0.20867856688646924	0.6216797752217321	0.16964165789179864	
0.25139327821163776	0.5521625977427921	0.1964441240455702	
0.21752685048286716	0.3752994420077834	0.40717370750934934	
0.3750064582545633	0.20032459360405322	0.4246689481413836	
0.38816103718064193	0.27482109524796083	0.33701786757139723	
