0.4211628514875576	0.2660003310069543	0.31283681750548814	
0.06541127059398141	0.5147284677492108	0.4198602616568078	
0.16446292257920495	0.3860455199163464	0.4494915575044488	
0.28822875242332213	0.28635090141036035	0.4254203461663175	
0.5346169048252077	0.13219347317224842	0.3331896220025438	
0.3003366275885332	0.36441734823899313	0.3352460241724737	
0.5372271978851604	0.29295167463321914	0.1698211274816204	
0.1346156864113847	0.07224149626164758	0.7931428173269677	
0.23065387247666297	0.5129259139374475	0.2564202135858895	
0.37853170161408006	0.2767661264664867	0.3447021719194332	
0.34413787056661144	0.25724268230369635	0.3986194471296922	
0.41345108208146564	0.47720958736262536	0.10933933055590891	
0.8111815385857357	0.10133124036099782	0.08748722105326644	
0.3035569708865195	0.2252788709856809	0.4711641581277996	
0.35618632885269624	0.1931074938260504	0.4507061773212533	
0.33690871516429244	0.2206095786878522	0.44248170614785537	
0.5546466026682666	0.4169380453454961	0.028415351986237243	
0.4872262929893431	0.2693160624444572	0.24345764456619962	
0.39253231549198897	0.08538493191336315	0.5220827525946478	
0.6295968954534973	0.3024026357060158	0.068000468840487	
0.12885499451183455	0.08361357893380919	0.7875314265543563	
0.4470195516697578	0.26067145927118524	0.292308989059057	
0.36663999731129054	0.22716854961283298	0.4061914530758764	
0.010244701014179179	0.36648107359989723	0.6232742253859235	
0.2121629434284475	0.36418839039130485	0.4236486661802477	
0.5287403546045154	0.05957685357113526	0.41168279182434936	
0.5120935272097205	0.2545004400018974	0.2334060327883821	
0.6651693158279217	0.25860133837960253	0.07622934579247563	
0.017686921829500126	0.12686265257989895	0.8554504255906009	
0.2693616830444059	0.5209938578226345	0.20964445913295962	
0.2848672475842463	0.049206960632956764	0.6659257917827969	
0.33811404387603083	0.31737856876004517	0.34450738736392406	
0.09791507439389271	0.2140072230366979	0.6880777025694094	
0.3463547392048387	0.18247712982286646	0.4711681309722948	
0.5119109797969025	0.0315681853207037	0.4565208348823938	
0.5240274545541505	0.4408451399187765	0.03512740552707311	
0.29797611937288593	0.3455950432514437	0.35642883737567027	
0.1280507852571814	0.29347586239204426	0.5784733523507744	
0.46163689935065205	0.3606630025697938	0.17770009807955411	
0.2976749487055488	0.1379488577046776	0.5643761935897736	
0.3878531493515726	0.41096036921199314	0.20118648143643414	
0.36504760652547097	0.4042286571038079	0.23072373637072116	
0.48258165884929266	0.08381171252488813	0.4336066286258192	
0.27494125931097974	0.29400564295092424	0.431053097738096	
0.5851410900614359	0.007382765379974585	0.40747614455858955	
0.4252541756041321	0.17942555177828104	0.3953202726175868	
0.24591102041633875	0.5265005439914234	0.22758843559223796	
0.19804538465234534	0.4404757620872577	0.36147885326039697	
0.5402825992166106	0.11659974739852043	0.343117653384869	
0.26287434617546784	0.37058856207056506	0.3665370917539671	
0.2796090742588298	0.3842196746946507	0.33617125104651957	
0.3541113734656827	0.2102978964732948	0.4355907300610225	
0.31187396388037375	0.4035365130340483	0.2845895230855779	
0.4136296357682458	0.47879591603912747	0.10757444819262675	
0.20982903215604687	0.3505496433557708	0.43962132448818225	
0.05338626025870529	0.5619538994708025	0.38465984027049216	
0.38332985266668873	0.38361106588846916	0.23305908144484214	
0.3610855137378868	0.5529476955777632	0.08596679068434986	
0.3962266365710756	0.0800978137277828	0.5236755497011416	
0.6113396276404284	0.025602911346987813	0.36305746101258396	
0.3084587323666933	0.45702723682014196	0.23451403081316477	
0.19199176446093577	0.41420887997403133	0.3937993555650328	
0.2007264109571864	0.5113548483939331	0.28791874064888057	
0.28792866222214075	0.4328589077295863	0.2792124300482729	
0.21809556559184107	0.4809072720813417	0.3009971623268172	
0.24255807384448091	0.2916057890056796	0.4658361371498394	
0.3164467618572552	0.25523835747421125	0.42831488066853357	
0.7661693146243298	0.05035110483126961	0.18347958054440056	
0.18588474601076177	0.2791713843556666	0.5349438696335718	
0.37925135467561516	0.22277434621381276	0.3979742991105721	
0.5558396651455227	0.3381088952733698	0.10605143958110737	
0.19114194768401657	0.7320944004192559	0.07676365189672749	
0.5492180476690255	0.4076399962679926	0.04314195606298196	
0.5420826631681118	0.16758689651783512	0.2903304403140531	
0.19087226388647707	0.03833172401844188	0.7707960120950811	
0.7953521492999638	0.03393457976909785	0.17071327093093833	
0.13819969677711855	0.31996809895209305	0.5418322042707884	
0.028289955367518018	0.07402818927183273	0.8976818553606493	
0.5329152136572557	0.30009402347355696	0.16699076286918732	
0.011541718707691889	0.5989271596355712	0.38953112165673687	
0.4188797661114824	0.34623939017156563	0.23488084371695195	
0.3773507363793276	0.2905770966314198	0.33207216698925274	
0.04607784303743448	0.39793451367120575	0.5559876432913597	
0.4584796651748436	0.25921250683254876	0.28230782799260745	
0.403707392198541	0.32773119019011004	0.26856141761134894	
0.3265559813019098	0.2568030838491291	0.4166409348489612	
0.07024309269490688	0.32040871412875105	0.6093481931763421	
0.24903689207546706	0.39002595213658037	0.3609371557879526	
0.29772349836736	0.2710986888088146	0.43117781282382545	
0.5134641290075451	0.055139272163980166	0.43139659882847464	
0.06108171512893272	0.5125291277991947	0.42638915707187264	
0.4463302413425475	0.29713643809433876	0.2565333205631137	
0.00558230715343217	0.3590508463463423	0.6353668465002256	
0.2028243025817994	0.5613474129408927	0.23582828447730794	
0.05690172904524262	0.5828471033772048	0.3602511675775526	
0.5083250003077541	0.10383334899376302	0.38784165069848303	
0.2408665779863965	0.5387937217201203	0.22033970029348324	
0.5516209091649055	0.038566795095863346	0.4098122957392313	
0.3983296837425034	0.31423890381893377	0.287431412438563	
0.8058290885035226	0.009543828811752864	0.18462708268472444	
0.5217002100496743	0.41830644209946855	0.059993347850857075	
0.28120965357837974	0.3803273293692434	0.3384630170523768	
0.6383987895226879	0.2813124337581577	0.08028877671915444	
0.18913408042751922	0.5396559725223348	0.2712099470501461	
0.3055476918062124	0.2813188147352181	0.4131334934585696	
0.6782295261333331	0.02301589688773343	0.29875457697893343	
0.28774436068179005	0.43585945673054494	0.27639618258766496	
0.12561517793099317	0.4352330187190296	0.43915180334997733	
0.6567628129196851	0.25924551016565106	0.08399167691466382	
0.7613270589716385	0.17375799443086803	0.06491494659749338	
0.20538881222170013	0.10125008315398235	0.6933611046243174	
0.18186878286865993	0.49170749577236206	0.32642372135897807	
0.1521277966665752	0.3329884989139234	0.5148837044195014	
0.20106805581907353	0.7965514999897012	0.0023804441912253357	
0.34445193898702436	0.35989205256118045	0.2956560084517952	
0.5070144277558397	0.27233445167399756	0.22065112057016278	
0.3348150733727768	0.06945108804885898	0.5957338385783643	
0.6372474006367715	0.10478337217505844	0.25796922718817	
0.17054030666577694	0.20437004011109516	0.6250896532231278	
0.6824843892632172	0.27603447833353684	0.041481132403245934	
0.4317527197760533	0.29379418292912113	0.27445309729482553	
0.5679836991441733	0.30452350637336145	0.12749279448246534	
0.5353640494354598	0.11350761009888734	0.35112834046565294	
0.05892486376211469	0.4522758403265577	0.4887992959113276	
0.25449180074604194	0.3742744712278477	0.3712337280261105	
0.3850251129114284	0.023097824854025426	0.5918770622345462	
0.47333189418850713	0.4498267128573228	0.07684139295417004	
0.6289776855039829	0.185518348950989	0.18550396554502804	
0.3004131920309896	0.34627257787888827	0.35331423009012203	
0.24802421810537964	0.41260345264277115	0.33937232925184924	
0.4442877236108756	0.2758021794529104	0.27991009693621405	
0.40061087798072953	0.09941162649420693	0.4999774955250636	
0.2530970476400616	0.5188280788647398	0.22807487349519862	
0.2858085654709963	0.23134186430813275	0.48284957022087094	
0.28734388849025805	0.3706217061815435	0.34203440532819845	
0.7278263999208696	0.059150252288876444	0.21302334779025395	
0.744682447298782	0.0022589638421667466	0.2530585888590513	
0.24021025585305306	0.08314066126765247	0.6766490828792945	
0.002090065818393549	0.8216979045005642	0.17621202968104235	
0.5803029478277135	0.08301659123818418	0.3366804609341023	
0.253781077013381	0.7047275311297084	0.041491391856910594	
0.18269965662501972	0.4432952691173719	0.3740050742576084	
0.5012207123679402	0.04723059268136969	0.45154869495069005	
0.2819124726249052	0.3094051466927925	0.4086823806823023	
0.267117356115213	0.5747522584514634	0.15813038543332347	
0.0455327008698853	0.5212347171687461	0.43323258196136855	
0.3109099593928519	0.25827546707595866	0.4308145735311895	
0.143464835599483	0.49348324602766525	0.36305191837285183	
0.3950042151563445	0.2448796649399744	0.3601161199036812	
0.6276142006251989	0.19586359174816437	0.17652220762663667	
0.4172537615547827	0.24954957034169406	0.33319666810352316	
0.17853069081741302	0.35917398557231217	0.4622953236102747	
0.1920279275384408	0.7818067415242936	0.02616533093726568	
0.31231310210174246	0.6626266068887409	0.02506029100951663	
0.20885153550058091	0.3495019597763179	0.4416465047231011	
0.15259025153300082	0.4632302703856652	0.384179478081334	
0.17889900519966	0.6126883264002871	0.20841266840005282	
0.15537608563946045	0.09106029802011648	0.753563616340423	
0.36393470674812817	0.4163050142653532	0.21976027898651865	
0.4559424157368309	0.363658528860299	0.18039905540287	
0.5051070529599272	0.22160509989408028	0.27328784714599247	
0.422956963409144	0.42243028683777406	0.15461274975308192	
0.4416484657010308	0.31800540821109896	0.2403461260878703	
0.43799644106578545	0.18878619217101722	0.37321736676319733	
0.4970366038451927	0.17201118588248968	0.3309522102723176	
0.28745666781645207	0.03650283023254716	0.6760405019510007	
0.44335177468827724	0.26434388523592695	0.2923043400757958	
0.7176458594847906	0.1822169492611026	0.10013719125410674	
0.41728650824418567	0.0630146379203298	0.5196988538354845	
0.4904550999398291	0.44053383744552715	0.06901106261464375	
0.594114011413281	0.046008221369540664	0.35987776721717835	
0.5096029507265376	0.24537739010716172	0.24501965916630064	
0.22445401093803494	0.3374541908820936	0.43809179817987143	
0.24747669669426525	0.3308804040149778	0.421642899290757	
0.49036331965239494	0.04005991384667544	0.46957676650092967	
0.5085144852331892	0.40261073803944186	0.08887477672736889	
0.5163990784998939	0.04110259254814706	0.44249832895195906	
0.20697622321906672	0.4354092181272743	0.35761455865365904	
0.41406507177195134	0.34209252883990027	0.24384239938814833	
0.39888968601733216	0.36083016178346033	0.24028015219920754	
0.29117097622102467	0.4787069071251129	0.23012211665386245	
0.15137175303125286	0.0546678787858558	0.7939603681828913	
0.23032548901368646	0.5573098751920568	0.2123646357942568	
0.5608025059889542	0.15201551755850304	0.2871819764525426	
0.35515387410361493	0.010157122033579116	0.634689003862806	
0.12142601302594488	0.31469045235831244	0.5638835346157427	
0.32592080248199246	0.5174683869453797	0.15661081057262796	
0.15800258104945317	0.35295534982553906	0.4890420691250078	
0.2376066816582582	0.3492322406130265	0.4131610777287152	
0.5671137705253987	0.09406280492937072	0.3388234245452305	
0.04971857401681407	0.5026696551450583	0.4476117708381276	
0.2611324825798728	0.27548371307154884	0.46338380434857823	
0.41684776099068993	0.3237942251757127	0.2593580138335973	
0.5350253196505171	0.32964282348942925	0.13533185686005356	
0.03415423676635767	0.6831341477173734	0.28271161551626905	
0.616488121599514	0.279713638121907	0.10379824027857897	
0.5228073935451752	0.2521598255374463	0.22503278091737847	
0.2538975415573664	0.3825078401875571	0.3635946182550765	
0.38129933015200657	0.5382713345984369	0.08042933524955659	
0.09549890799835384	0.197147961242495	0.7073531307591512	
0.28846282726511335	0.48804963741264856	0.22348753532223808	
0.5716317982447029	0.034831730573813065	0.393536471181484	
0.44444036594332725	0.5130286272590151	0.04253100679765763	
0.7000133698040926	0.18804557969912272	0.1119410504967847	
0.5296674649291959	0.11387243717460704	0.3564600978961971	
0.358834461967077	0.43196932793924836	0.2091962100936747	
0.38698094653442455	0.26162678127585953	0.35139227218971586	
0.4637920213913801	0.4499093750727081	0.08629860353591183	
0.34370673716503036	0.40542421254490413	0.2508690502900655	
0.32044875347541907	0.5154221554322738	0.16412909109230725	
0.32073609915301654	0.2431663663134053	0.43609753453357825	
0.2833481555083218	0.2952422269005228	0.4214096175911554	
0.003813088049544585	0.2769032049710868	0.7192837069793687	
0.30955719258523806	0.34264022278498957	0.3478025846297723	
0.6159079540288345	0.08999462617686983	0.29409741979429577	
0.5500089831917204	0.05168273665972215	0.39830828014855746	
0.1917146201914138	0.4358450668883334	0.37244031292025276	
0.5871502525650905	0.04328081151246612	0.3695689359224434	
0.5623602968175729	0.3721349588996925	0.0655047442827346	
0.7870334337863616	0.07832526647416974	0.13464129973946867	
0.4255543867176821	0.1405278401928403	0.4339177730894776	
0.47010294421795423	0.04617930587567085	0.48371774990637495	
0.18665258160548914	0.5171350406113563	0.29621237778315457	
0.4297653688286155	0.48922724238568854	0.08100738878569597	
0.24385196278060897	0.5112328323347978	0.24491520488459323	
0.39732614536648075	0.31032959869323085	0.2923442559402884	
0.6829630850351456	0.09888439777773524	0.2181525171871193	
0.04628189647753838	0.5586632285263137	0.3950548749961479	
0.0759675756367461	0.44200968573304406	0.48202273863020995	
0.25649542760447386	0.6208873660268993	0.12261720636862689	
0.22492897105861467	0.09192684315804169	0.6831441857833437	
0.131807440456136	0.16228579655258876	0.7059067629912753	
0.3311174117170972	0.20386500466360613	0.4650175836192968	
0.39043075914127484	0.38784174463374127	0.22172749622498392	
0.505202138002549	0.08988234835466571	0.4049155136427854	
0.36530317321772765	0.17487535666788623	0.4598214701143861	
0.03324227695878557	0.522186566670806	0.4445711563704084	
0.19022928033231754	0.4446924338115857	0.36507828585609664	
0.15290892483609492	0.45734974232620246	0.3897413328377026	
0.42719026410095223	0.05176501103857305	0.5210447248604748	
0.006182232060364866	0.810827853065242	0.18298991487439312	
0.04454490375970034	0.642203977627779	0.3132511186125205	
0.06934338567355446	0.449209937017326	0.48144667730911955	
0.36669821084151194	0.35116822125293873	0.2821335679055494	
0.4754633848454149	0.4691650389590421	0.05537157619554294	
0.35839202784179747	0.3568055479324357	0.2848024242257669	
0.23040132896005378	0.15436566043604105	0.6152330106039052	
0.4069273203303947	0.3783094701669944	0.21476320950261077	
0.5927393649375153	0.015564231160107106	0.39169640390237753	
0.447569395296597	0.26249917921616867	0.28993142548723433	
0.42837538789706536	0.1433679824016648	0.4282566297012698	
0.22830917891545802	0.3299095504189644	0.4417812706655775	
0.4250395334430417	0.11847901026312538	0.45648145629383297	
0.7706734217899401	0.03479279028441639	0.19453378792564344	
0.5387774993041392	0.09401628856813608	0.3672062121277248	
0.7171370623693892	0.005554555232774054	0.27730838239783673	
0.47476108102726194	0.07587992728958415	0.4493589916831539	
0.291817521288629	0.2836335138285422	0.42454896488282884	
0.32587239298227216	0.4228107446009703	0.2513168624167575	
0.40525236454040214	0.4660346253341801	0.12871301012541775	
0.26252993766415167	0.4342530432276239	0.3032170191082244	
0.3477548756715907	0.5989722975559079	0.05327282677250143	
0.45819356555092094	0.5067382750143528	0.0350681594347263	
0.4117592407306283	0.07293454310124681	0.5153062161681248	
0.4649583882299081	0.4146508894498019	0.12039072232029008	
0.4282339390837393	0.2791276064880973	0.2926384544281634	
0.172295748273094	0.44787495195445715	0.37982929977244884	
0.30878127859203985	0.32632299704758144	0.36489572436037865	
0.10291337408199537	0.4403730711094867	0.4567135548085179	
0.24038773103998615	0.6655260235222323	0.09408624543778156	
0.10715705208583014	0.5761703237811668	0.31667262413300296	
0.3641525920732417	0.308302522068724	0.3275448858580344	
0.6687706129517029	0.13281670583551308	0.1984126812127841	
0.4523133629446867	0.01943397908848657	0.5282526579668267	
0.36080142361802164	0.24323748794029226	0.39596108844168615	
0.48136999007963555	0.056233508086312695	0.4623965018340518	
0.37542404796897044	0.3827677056228499	0.2418082464081796	
0.0029211943780951856	0.14003639607674986	0.857042409545155	
0.31312008124554214	0.38903627392702317	0.2978436448274348	
0.33406093272812587	0.33370534414349323	0.3322337231283809	
0.2425751165577399	0.3064219036503675	0.4510029797918926	
0.46864506823515456	0.2789487971636542	0.2524061346011912	
0.6311845036498678	0.13048414380806464	0.23833135254206755	
0.1470089038622913	0.24133746250725985	0.6116536336304489	
0.07211049551687229	0.4626041558091275	0.4652853486740001	
0.44274349399595236	0.2623061004621516	0.294950405541896	
0.4395983533407626	0.49949987710923677	0.06090176955000059	
0.2368356635914888	0.42829196042094514	0.33487237598756603	
0.21209515966039702	0.4399019855970843	0.34800285474251874	
0.030032397160491976	0.41146898238379304	0.5584986204557151	
0.2878468446016296	0.3227051610623309	0.38944799433603955	
0.19859352830302837	0.09021243515671122	0.7111940365402604	
0.4332531556569545	0.32541196317560617	0.24133488116743929	
0.634683056983078	0.3431883023615377	0.022128640655384273	
0.3752906098657274	0.0515757134618888	0.5731336766723839	
0.053503496252721	0.0883653997786678	0.8581311039686113	
0.2867014505661982	0.1974249770145821	0.5158735724192197	
0.6896635531794236	0.2647602969535097	0.0455761498670665	
0.4701785554209926	0.4229021987101148	0.10691924586889276	
0.040782130724222605	0.4625844887762637	0.4966333804995136	
0.24619369853230064	0.4379482576560147	0.31585804381168464	
0.42507742206900595	0.0909748980901365	0.4839476798408575	
0.4548678841711503	0.37834249863143987	0.16678961719740973	
0.22628366383218312	0.4032011076158059	0.370515228552011	
0.0033455322925204137	0.3813505652642927	0.6153039024431869	
0.3875987369141205	0.5359463955027282	0.07645486758315129	
0.6640917479078465	0.22768855482949188	0.10821969726266172	
0.11172056025749863	0.5342183262789617	0.3540611134635396	
0.28833880904727677	0.407226296673673	0.30443489427905024	
0.06420320013072135	0.6267093525097955	0.30908744735948307	
0.41751341272960857	0.3570099214188501	0.22547666585154133	
0.012111771536824792	0.4596599675646816	0.5282282608984936	
0.23116699466548102	0.18221370769388348	0.5866192976406355	
0.5859142928036637	0.3042651915102182	0.10982051568611807	
0.40133364460068505	0.022464238377777185	0.5762021170215378	
0.6646262556254066	0.00333380943286216	0.3320399349417313	
0.30346330910141767	0.6556448964896624	0.04089179440892005	
0.3802817992705193	0.36491635795988114	0.2548018427695996	
0.6018008113512241	0.012597372687557421	0.3856018159612185	
0.25772888112834413	0.6586536925713561	0.08361742630029985	
0.1608964994382832	0.5715705247792106	0.2675329757825062	
0.45573389894776756	0.2878773126925642	0.2563887883596683	
0.021274658097945813	0.9140643026552259	0.06466103924682835	
0.4809465612818475	0.46803477947614486	0.051018659242007616	
0.3442676249543022	0.171782070691684	0.48395030435401387	
0.4384261805650176	0.24526981892705296	0.3163040005079295	
0.06336569666411797	0.36332901217888564	0.5733052911569964	
0.4091611496995065	0.4399510394448001	0.15088781085569342	
0.41330603125942456	0.3692398482774629	0.21745412046311255	
0.24462430448029987	0.34765224084137386	0.4077234546783263	
0.32022136727972755	0.31019413926709	0.3695844934531824	
0.517795929975815	0.33520847358513545	0.14699559643904953	
0.4807304406404303	0.2587728831457125	0.26049667621385714	
0.47637759455330614	0.0966986838042899	0.42692372164240394	
0.6117354614433327	0.03614348373776432	0.352121054818903	
0.011131097647478194	0.714264247537656	0.27460465481486573	
0.3806338315422489	0.367551246732557	0.2518149217251941	
0.4673530156695329	0.07366834217146681	0.4589786421590003	
0.39569151129697266	0.30631156272159676	0.2979969259814306	
0.36489408221297576	0.34763667988255076	0.2874692379044735	
0.4702632274781404	0.3197093429289636	0.210027429592896	
0.4239783688430124	0.4927502406303053	0.08327139052668231	
0.24805830636442444	0.4108730720927934	0.3410686215427822	
0.18231931568076798	0.5781817277271798	0.23949895659205214	
0.5345904259354148	0.3809558577497025	0.08445371631488265	
0.8253519540773185	0.051617903260931505	0.12303014266174996	
0.3653453100589457	0.5771343029085872	0.057520387032466924	
0.23937992428540925	0.27621118972107694	0.4844088859935138	
0.3073946000332817	0.22386313786947726	0.46874226209724124	
0.49405907340339833	0.26868028645321945	0.2372606401433823	
0.352786641123939	0.10580353310757219	0.5414098257684888	
0.02212878002725679	0.5525917542276378	0.42527946574510533	
0.1863168359507488	0.12936784834022358	0.6843153157090275	
0.2589941598864016	0.42829743442204804	0.3127084056915502	
0.30571878026397137	0.3574151083482612	0.3368661113877675	
0.3063831844268552	0.16410229127767625	0.5295145242954686	
0.5016166478353496	0.20022508286796709	0.2981582692966833	
0.59366198526634	0.29341625236553803	0.112921762368122	
0.2966335407094914	0.36939173778662554	0.333974721503883	
0.12077302526209387	0.5191128982799154	0.3601140764579908	
0.49165359091016514	0.06709694027892853	0.4412494688109063	
0.11488707302999425	0.4386855763601813	0.4464273506098246	
0.1779188874909859	0.30624080973072937	0.5158403027782847	
0.06854443511232236	0.45075477535003006	0.4807007895376475	
0.3581328094850984	0.299716873582615	0.3421503169322866	
0.3383827840269291	0.25368830124875325	0.4079289147243175	
0.3355613644161154	0.4042708429945545	0.26016779258933026	
0.17101606548753762	0.3940925000926465	0.43489143441981587	
0.19330767857060688	0.22021886997971007	0.5864734514496831	
0.18363623235114415	0.4689847486875633	0.34737901896129253	
0.057160352582179455	0.8814076805231381	0.06143196689468242	
0.4857701672881893	0.060956988124503855	0.45327284458730693	
0.5248647446872876	0.37880525714524227	0.09632999816747022	
0.6356500160446074	0.002564375931009543	0.36178560802438314	
0.48445282241668086	0.32717469047363257	0.1883724871096864	
0.24264157911688503	0.43004713603578815	0.32731128484732674	
0.3274071643955131	0.6452053553805709	0.027387480223916016	
0.3997344691657361	0.3762116798220758	0.2240538510121881	
0.36590236157766426	0.33006369398579266	0.30403394443654314	
0.11909238775368829	0.7721843172123192	0.10872329503399267	
0.2716591866721112	0.4403509714933367	0.28798984183455206	
0.24585543823507514	0.1634025064494668	0.5907420553154581	
0.349306672726156	0.3250209593810021	0.3256723678928418	
0.23876825398009485	0.6906448412302103	0.07058690478969482	
0.4080337540647102	0.545423510768473	0.04654273516681674	
0.34827713508853575	0.23770867961625974	0.4140141852952045	
0.5204280067844999	0.29943337869752706	0.18013861451797306	
0.3420464844547948	0.437514534657757	0.22043898088744834	
0.3679891231964881	0.22228045580079772	0.4097304210027143	
0.22227977850766967	0.4349108300318347	0.3428093914604956	
0.2140227934805418	0.008581540289782535	0.7773956662296757	
0.030150716979035132	0.519820704555448	0.4500285784655168	
0.46221280991421543	0.05428878751209955	0.48349840257368504	
0.26230027189238253	0.3393116883393632	0.39838803976825427	
0.5939829361358059	0.27551081112775666	0.13050625273643746	
0.2871455131848257	0.15589989932632942	0.556954587488845	
0.3335163368909486	0.26553756690276437	0.4009460962062871	
0.20425720996319538	0.44668334244341823	0.34905944759338636	
0.11017195553485724	0.8397519950715356	0.05007604939360711	
0.26967955294490076	0.3973138389111518	0.3330066081439476	
0.41283070320792	0.38975511371972094	0.19741418307235903	
0.4520870130141847	0.2727290470088178	0.2751839399769975	
0.29934449431725424	0.10148323241886247	0.5991722732638832	
0.4154943896209412	0.31658731646896177	0.2679182939100971	
0.49798308840229943	0.4549927629851862	0.04702414861251437	
0.4363174633908065	0.1919070392555616	0.37177549735363197	
0.3914930325476518	0.20219002716105913	0.406316940291289	
0.10005820216369167	0.4995918845221004	0.40034991331420794	
0.11583870974711845	0.17365183136364704	0.7105094588892346	
0.6766622244811255	0.29341539155496427	0.029922383963910452	
0.285041730754046	0.2479135517113093	0.4670447175346447	
0.07233089283523615	0.3119068563273131	0.6157622508374507	
0.300741567111443	0.6190040710666558	0.08025436182190127	
0.09140553439597753	0.2325605296354314	0.6760339359685911	
0.46582278615012246	0.16950656235247016	0.3646706514974074	
0.15080714273386567	0.43412013286036505	0.41507272440576937	
0.5138375519212599	0.3783004313794749	0.10786201669926518	
0.5596436158023225	0.29306664024145995	0.1472897439562175	
0.15323061130311819	0.809617475001951	0.03715191369493079	
0.4991250398520319	0.42657344352471205	0.07430151662325621	
0.42168488993818704	0.11901499164973757	0.4593001184120755	
0.2960421640012562	0.5109314988130916	0.193026337185652	
0.0005354352666922938	0.4732597644305773	0.5262048003027303	
0.5813120042574007	0.4026371163302364	0.016050879412362884	
0.024809203656436997	0.5391726755315901	0.4360181208119729	
0.06141911336226351	0.5025349777659671	0.43604590887176936	
0.1599513673697015	0.18703675614195878	0.6530118764883398	
0.6315165817874581	0.18979150673452785	0.1786919114780141	
0.5289453464664529	0.2316220014385382	0.23943265209500894	
0.20827106701314815	0.24040731067913448	0.5513216223077174	
0.6028569377067279	0.25160748234144065	0.14553557995183158	
0.1675249042947906	0.49475066659888356	0.33772442910632583	
0.43870600362062523	0.4602003191209109	0.10109367725846394	
0.26466989845394173	0.2817990142969609	0.4535310872490974	
0.44090284068022423	0.3578878803788154	0.20120927894096033	
0.2766052433897696	0.3062731596155942	0.41712159699463625	
0.25744915880845104	0.2185213412995803	0.5240294998919687	
0.38509210063896154	0.40151631539998817	0.2133915839610503	
0.10600493933894793	0.6489875870705931	0.245007473590459	
0.3436167798939578	0.34175141665342024	0.31463180345262204	
0.5195459064578608	0.43153199060113734	0.04892210294100177	
0.36918724707083656	0.2932048935943712	0.3376078593347921	
0.13642372871592565	0.3311564945222883	0.5324197767617861	
0.6048402251574604	0.04842508899908365	0.34673468584345585	
0.5045823321784816	0.006527089910494864	0.4888905779110235	
0.1579966270782023	0.3386267902087645	0.5033765827130332	
0.456662038354529	0.060173295843077054	0.483164665802394	
0.43199036202094826	0.44713256840362625	0.12087706957542528	
0.1753677964118557	0.5024312614890651	0.3222009420990792	
0.6459695406055541	0.14465757149304562	0.2093728879014003	
0.5929871461381536	0.003763743513056089	0.40324911034879035	
0.2766194725275527	0.2771293808369511	0.4462511466354962	
0.23231280090880962	0.24374085364564038	0.52394634544555	
0.4962241233102884	0.12840440643979034	0.3753714702499213	
0.3863212625553192	0.2960161973325171	0.31766254011216366	
0.21504513169004583	0.4018691108185681	0.3830857574913862	
0.4313341913480804	0.2963676783651742	0.27229813028674543	
0.08628156351262968	0.3533623935889018	0.5603560428984685	
0.398011619687329	0.44268683382495727	0.15930154648771383	
0.33946411595345977	0.31341698196394774	0.34711890208259244	
0.1744795818199158	0.318492676118856	0.5070277420612282	
0.19901432420830328	0.42156723013158176	0.3794184456601149	
0.42003073312928185	0.24584112721648368	0.3341281396542343	
0.5552699227179673	0.39892093316752225	0.04580914411451044	
0.2989459828033045	0.5503545738750983	0.15069944332159715	
0.3736457768487512	0.3804139593240427	0.24594026382720605	
0.47009630104887845	0.050631394876649284	0.4792723040744722	
0.5281258208548407	0.3733599355077098	0.09851424363744948	
0.3201549347028714	0.20562578811509655	0.47421927718203216	
0.3525180082394672	0.30407467099608854	0.3434073207644442	
0.24851053484123165	0.3484372874951439	0.40305217766362444	
0.6706976583487996	0.2677873326264183	0.06151500902478223	
0.08479540712545652	0.815646620794869	0.09955797207967443	
0.30886235338856327	0.5759462405846262	0.11519140602681063	
0.5260527348846097	0.14427589234388105	0.32967137277150926	
0.5394212585426196	0.3701819176735595	0.09039682378382095	
0.37911214797491927	0.38088736109808224	0.24000049092699843	
0.42201061211341245	0.4095866390972997	0.16840274878928788	
0.2116775541360898	0.6135440569958742	0.17477838886803593	
0.40078492256343523	0.42316360255085333	0.1760514748857115	
0.34653966165713757	0.312451467507355	0.34100887083550735	
0.47035174114851724	0.3232447926587845	0.20640346619269814	
0.22756698096480832	0.3768955549862238	0.3955374640489679	
0.8560755576029966	0.00331664568369963	0.1406077967133038	
0.41795187833396186	0.19165121773480756	0.3903969039312306	
0.14378669830133534	0.505061792309187	0.3511515093894776	
0.24636093555751767	0.2710811333907877	0.48255793105169464	
0.20109846068836976	0.5045808677254267	0.2943206715862037	
0.3259766540648429	0.39636907254814036	0.27765427338701687	
0.24662071034728975	0.5064441003797577	0.2469351892729524	
0.513615142813309	0.40177589571338057	0.08460896147331053	
0.10826174343599793	0.6870776691793397	0.20466058738466247	
0.27086649054302137	0.3132874230033963	0.4158460864535823	
0.06112000989604175	0.5338754312347711	0.4050045588691872	
0.3707171138234645	0.5230318138383582	0.10625107233817735	
0.06706595929714507	0.6283251463071465	0.30460889439570843	
0.2345651204962815	0.3904661973127592	0.37496868219095936	
0.3099843387181196	0.33229958213852046	0.35771607914336	
0.22903103307755013	0.413318153009149	0.3576508139133007	
0.41500081466953365	0.09204413746892712	0.4929550478615393	
0.48539465997856224	0.49253925180664915	0.022066088214788754	
0.506992639312471	0.2769532528080853	0.21605410787944382	
0.7520327632567076	0.07484193928514976	0.1731252974581426	
0.09727074939394706	0.13991861954110166	0.7628106310649513	
0.034458945784589384	0.5677084439482103	0.39783261026720024	
0.44176415315241274	0.3632324311077628	0.1950034157398244	
0.09801066591460625	0.028839143629730352	0.8731501904556634	
0.0486851644264016	0.5345096738900971	0.41680516168350146	
0.6300409234764264	0.3494809619435879	0.020478114579985753	
0.12228085388468829	0.750661566293982	0.12705757982132973	
0.86754751943309	0.011905942307702734	0.1205465382592072	
0.35130284825809877	0.10719748447578577	0.5414996672661154	
0.4791558506550677	0.38799904747696123	0.13284510186797108	
0.22475256055044923	0.3033833775124467	0.471864061937104	
0.44388301433753474	0.4421465676347974	0.1139704180276678	
0.20990303989561912	0.2052686612444627	0.5848282988599182	
0.31842040933417637	0.02339459392176022	0.6581849967440634	
0.23708542134635266	0.363394603739253	0.39951997491439434	
0.4934135860422504	0.21753497441553118	0.28905143954221846	
0.47461276537930325	0.5020189342071865	0.02336830041351037	
0.09824276443946603	0.27287763006694865	0.6288796054935853	
0.25829477509769605	0.28402628159223503	0.4576789433100689	
0.15816548152582943	0.6279386352366608	0.21389588323750972	
0.37484407504661715	0.22605463234301612	0.39910129261036664	
0.2572666144127912	0.3310662241198459	0.41166716146736293	
0.5442932790388846	0.08840623210456604	0.36730048885654937	
0.1473501255235572	0.3355721772215037	0.5170776972549392	
0.4464505924195778	0.004002673135658776	0.5495467344447635	
0.3725514625434955	0.5191794144111259	0.10826912304537847	
0.1432482595955842	0.39389872530890296	0.4628530150955128	
0.40978397681125484	0.06271051654207996	0.5275055066466652	
0.16903789056684726	0.4220071367963435	0.4089549726368093	
0.12257674408846322	0.3645278518253653	0.5128954040861714	
0.4061948774836634	0.4256645069773017	0.16814061553903512	
0.47547930984159403	0.17386773595583593	0.35065295420257003	
0.3896400646855853	0.4923236766796637	0.11803625863475103	
0.0776723622803496	0.4670295647863495	0.4552980729333011	
0.335617109960448	0.3335620396458783	0.33082085039367376	
0.27804423634039	0.5157770379424268	0.20617872571718313	
0.38297492747853695	0.5370728023259674	0.07995227019549554	
0.38716604172909497	0.4394529293880452	0.17338102888285972	
0.473783949915652	0.3555877995897379	0.1706282504946101	
0.010952440239264075	0.37513958541200676	0.6139079743487292	
0.24467501479791667	0.529285880692911	0.22603910450917233	
0.6108952264944661	0.006666903087625192	0.3824378704179088	
0.3232377127771345	0.21999390289083462	0.45676838433203093	
0.1378980463052668	0.5164025789101407	0.34569937478459256	
0.32414175207857027	0.4090189261543176	0.26683932176711217	
0.30061900301845945	0.4933527799227085	0.20602821705883215	
0.6843673981017967	0.06050448528925411	0.25512811660894913	
0.02729432967825493	0.2190362963154003	0.7536693740063448	
0.3674827945274809	0.44871414910146734	0.18380305637105185	
0.8338541600737962	0.10484789977841356	0.06129794014779023	
0.32663183473176594	0.2059677494498975	0.46740041581833647	
0.20659885204791578	0.38796173700232084	0.4054394109497634	
0.4054484926392945	0.16572977523703195	0.4288217321236736	
0.061210103661572896	0.33642212604325095	0.6023677702951762	
0.19573491583332547	0.30715122891552427	0.4971138552511502	
0.5132300478229805	0.4866101019965265	0.00015985018049287212	
0.29698247222354773	0.5529524207952056	0.15006510698124695	
0.25004207313234816	0.2785354421086435	0.47142248475900833	
0.6608214905953456	0.1473609625514015	0.19181754685325297	
0.27763721909545686	0.3561132391239967	0.3662495417805464	
0.049963994755172415	0.7799222111873378	0.17011379405748972	
0.1825268693213694	0.3520217097735027	0.46545142090512787	
0.39549143585118735	0.5045370773686159	0.09997148678019682	
0.39069172226078036	0.3867518119142924	0.22255646582492716	
0.5107407316300284	0.01782807317663741	0.4714311951933342	
0.13322367795642048	0.6118113578421995	0.2549649642013801	
0.3376970351509382	0.3054876687046209	0.356815296144441	
0.3818120233645935	0.024788451873354333	0.5933995247620522	
0.7840785356328048	0.02212694903571983	0.19379451533147532	
0.3815326202127565	0.39450236448508436	0.22396501530215918	
0.29379794581070995	0.3263934954174561	0.379808558771834	
0.29454727130922265	0.32331121741312474	0.3821415112776526	
0.03562752144713299	0.5920890527571134	0.3722834257957535	
0.26857570739953296	0.3116957896244119	0.41972850297605513	
0.4405099662554085	0.04993324848879018	0.5095567852558013	
0.03130114735068233	0.2660892766613022	0.7026095759880154	
0.38556115325846435	0.2907244151475955	0.3237144315939402	
0.48434153801834295	0.4883676973098069	0.027290764671850168	
0.3125720306110522	0.06578601839306945	0.6216419509958783	
0.48079754581543416	0.16325371470922784	0.355948739475338	
0.03909809702980505	0.8154425399289946	0.14545936304120027	
0.1408342308893958	0.5987342038482779	0.26043156526232625	
0.21929843376045127	0.27412316744255194	0.5065783987969968	
0.42691107888952023	0.19405573404404927	0.37903318706643047	
0.5922571249347531	0.020808628994643533	0.3869342460706034	
0.45995685052652824	0.18441417426983173	0.35562897520364	
0.4389449167956831	0.2751196462275029	0.285935436976814	
0.43736180263797786	0.1530824266632018	0.4095557706988204	
0.1608752239786012	0.35916175012963164	0.47996302589176715	
0.135250060243942	0.45656831749909466	0.4081816222569632	
0.7072333060372652	0.04080149679465923	0.25196519716807564	
0.08966763225506606	0.6782415192788795	0.23209084846605443	
0.1155432816255771	0.3824016009413893	0.5020551174330335	
0.6101936065935756	0.09123735331601068	0.29856904009041385	
0.5838988087958801	0.40518538469315546	0.010915806510964276	
0.24519438657120324	0.22777323223550225	0.5270323811932947	
0.013341830788744553	0.4929324269696328	0.49372574224162263	
0.017398395505027607	0.46400942951168905	0.5185921749832832	
0.27643922810614224	0.31674948009405995	0.4068112917997978	
0.3621033057587806	0.2466482518083247	0.39124844243289464	
0.20611746647862145	0.44681344099018944	0.34706909253118917	
0.22906561700031103	0.14696085124728264	0.6239735317524063	
0.38595257735419597	0.33023087443654314	0.28381654820926094	
0.5675869353488047	0.03493978493904439	0.397473279712151	
0.23626877854466516	0.2144237322966673	0.5493074891586675	
0.5849647923046544	0.06260095674286215	0.35243425095248343	
0.777772229595472	0.21873638638394596	0.003491384020582005	
0.6703890623007345	0.2725937621620305	0.05701717553723503	
0.39141274224308215	0.030334169565819382	0.5782530881910984	
0.03644455505505673	0.42732266193867274	0.5362327830062706	
0.1926290114252441	0.6344431494953915	0.17292783907936454	
0.16558629737806013	0.4304865517998654	0.40392715082207437	
0.1176382451382815	0.8628841959938077	0.01947755886791097	
0.5337591021636782	0.15840553824198017	0.3078353595943416	
0.164874988601092	0.274303287864948	0.56082172353396	
0.2524127280599895	0.5246447857033762	0.22294248623663432	
0.20172190308785942	0.44589971158493913	0.35237838532720145	
0.09896773565638929	0.1846055449899512	0.7164267193536595	
0.278740830268125	0.4134671319745551	0.30779203775731995	
0.3889426230978145	0.2758646778114363	0.3351926990907491	
0.25194665452063136	0.1758629959772068	0.5721903495021617	
0.6396085006836699	0.3358871578790482	0.024504341437281987	
0.43467793733617954	0.3241658090502088	0.24115625361361165	
0.6546208014655645	0.07316980783453017	0.2722093906999054	
0.14562523685682813	0.305017463320677	0.5493572998224948	
0.44904826119939484	0.1995814779664098	0.35137026083419526	
0.5182426267054122	0.4241279525255236	0.05762942076906418	
0.2588568247253053	0.3091554321093442	0.43198774316535055	
0.5443276518942147	0.06390238026320412	0.3917699678425813	
0.21508428952183029	0.06343198555810134	0.7214837249200685	
0.47893490102484243	0.46817900826556036	0.05288609070959717	
0.3405138306696095	0.27571498365180086	0.38377118567858975	
0.49915810633462515	0.47203447542031496	0.028807418245059804	
0.5277212587654304	0.22352064116150475	0.24875810007306484	
0.35019842156915354	0.3716566720466354	0.27814490638421097	
0.3757164712420319	0.15330697798833173	0.4709765507696364	
0.21701340785699513	0.4785372780225157	0.3044493141204892	
0.29222789441046604	0.4188792689574594	0.2888928366320744	
0.48857128533284105	0.04778732246644985	0.46364139220070905	
0.45501444616054415	0.4200447352754034	0.12494081856405248	
0.4452207338734166	0.21374767453362908	0.34103159159295426	
0.19988595252720537	0.48250948603682164	0.31760456143597293	
0.508301873820649	0.2925452357362889	0.19915289044306217	
0.5708403580985483	0.007730223556939127	0.42142941834451264	
0.25096878594150757	0.49165191332167807	0.2573793007368144	
0.1990083535057444	0.3444871443000816	0.456504502194174	
0.5408406062671566	0.30320509611531016	0.15595429761753332	
0.5052397368109373	0.04072584092347285	0.45403442226558977	
0.28111764584771226	0.3012735328155798	0.41760882133670796	
0.5108389951378793	0.4250455951505521	0.0641154097115685	
0.4160840974203534	0.11863615118524103	0.4652797513944056	
0.14679618160491387	0.33279172802121865	0.5204120903738675	
0.030559013467893376	0.5770317679411024	0.3924092185910041	
0.08456472644213203	0.7765066408210072	0.13892863273686074	
0.35610723851189063	0.06754409524785689	0.5763486662402526	
0.2612521373052777	0.14868115255452627	0.5900667101401961	
0.47423810654125753	0.22375943617960045	0.30200245727914193	
0.3457492209798507	0.38789792977667314	0.2663528492434761	
0.4739059757942882	0.2557915855784864	0.2703024386272253	
0.3858358530838782	0.3401412306644604	0.2740229162516614	
0.10535478276003951	0.5731394632806625	0.321505753959298	
0.3053002239003321	0.4219612481268094	0.27273852797285864	
0.6631325708269804	0.32572518699138336	0.011142242181636255	
0.08879853751234272	0.8381706217670227	0.07303084072063465	
0.4327041978427498	0.44586089817472746	0.12143490398252287	
0.22825401231562883	0.2577061166153322	0.514039871069039	
0.36479227688805815	0.42608177559411065	0.20912594751783126	
0.3799463257691642	0.3171697561492613	0.3028839180815745	
0.12462264595378635	0.41628986179344796	0.4590874922527656	
