0.39092216991248396	0.5569185843263127	0.05215924576120327	
0.3758919573623434	0.32969037621395436	0.29441766642370226	
0.3974350734585215	0.03497688456004987	0.5675880419814286	
0.6660512882594153	0.0726755394683639	0.2612731722722207	
0.3765128488215971	0.4609201650535713	0.16256698612483178	
0.21097478074104617	0.5200999240728874	0.26892529518606645	
0.3293657537397006	0.07440270305156287	0.5962315432087365	
0.3432749817915112	0.3394811839959489	0.3172438342125399	
0.041193809468952756	0.8255648761099238	0.13324131442112347	
0.21085420585485215	0.48058553136628973	0.3085602627788582	
0.3253934607665173	0.3247748883357121	0.3498316508977706	
0.3157332213859987	0.3773747614010853	0.30689201721291604	
0.1267920644413838	0.517148945231596	0.35605899032702015	
0.06726652826906379	0.7407262464625765	0.19200722526835978	
0.1019085167569337	0.4108660479738406	0.4872254352692257	
0.3991886246617704	0.34433748298541494	0.25647389235281465	
0.21325042222663626	0.5421423472923997	0.2446072304809639	
0.05446355076068426	0.6486772177032147	0.296859231536101	
0.00027142324603306433	0.29993598066077354	0.6997925960931934	
0.3715765247830501	0.4316029728779841	0.19682050233896592	
0.05519846665634313	0.2445849287935266	0.7002166045501302	
0.2946472994085474	0.6523181318169298	0.05303456877452268	
0.06646615612847334	0.7958928979263564	0.13764094594517026	
0.46954083171468836	0.04427330355256839	0.4861858647327433	
0.720423954332831	0.012423813822778807	0.26715223184439013	
0.5870118691850541	0.16436406590229558	0.24862406491265013	
0.3777163271386708	0.18944023582677255	0.4328434370345568	
0.2944811839765894	0.5410862349849278	0.16443258103848285	
0.19688836793847792	0.38961737558747106	0.41349425647405097	
0.1603281809015374	0.2235869166827986	0.616084902415664	
0.21867407314585124	0.36463212795221295	0.4166937989019358	
0.5787670525749948	0.37551961625941505	0.04571333116559007	
0.06568105982731906	0.3220509310476609	0.6122680091250201	
0.39094451948800973	0.16294117686232662	0.4461143036496637	
0.34318248349624153	0.22852828312672865	0.42828923337702973	
0.07443816705804676	0.5624727206456738	0.3630891122962795	
0.3418208037288359	0.3530989021110355	0.30508029416012866	
0.46339024322314687	0.07025158359784486	0.4663581731790083	
0.15159208031284066	0.2655523166911952	0.5828556029959642	
0.4167055821281405	0.12166463014563482	0.46162978772622476	
0.4856150742765907	0.37679828555250894	0.13758664017090044	
0.9896740423662969	0.0018177691449116984	0.008508188488791438	
0.1566594427805196	0.5831524674738598	0.2601880897456207	
0.4957409350174848	0.11759583280818012	0.38666323217433507	
0.6755962213888641	0.2588780620784198	0.06552571653271608	
0.25532575024739557	0.48957276849162196	0.2551014812609825	
0.7330265079427256	0.16003125012121708	0.10694224193605731	
0.7534233497953589	0.21154168275576163	0.03503496744887964	
0.3455641017825295	0.39266417406870413	0.2617717241487662	
0.3343353354053114	0.3813170636884057	0.2843476009062829	
0.07997406393018856	0.312718261789116	0.6073076742806954	
0.19901442928950136	0.419058489901205	0.38192708080929366	
0.3682021255537134	0.298025176766771	0.3337726976795157	
0.010931243973382783	0.4807270776128464	0.5083416784137709	
0.05781924235762256	0.4287828948890056	0.5133978627533718	
0.39161950490338876	0.20755098641566727	0.400829508680944	
0.22173802902448433	0.40981791774346543	0.3684440532320501	
0.44430000431316413	0.11111105783641617	0.4445889378504197	
0.6180756046386447	0.15300779523315264	0.22891660012820275	
0.1873120727572489	0.41251875114453057	0.40016917609822056	
0.3349148990102017	0.3415525689554452	0.3235325320343532	
0.00024999010259577965	0.3487430181678187	0.6510069917295854	
0.48571274418019506	0.2912087519627092	0.22307850385709568	
0.2868379199875387	0.3943524747373318	0.3188096052751293	
0.568585139435598	0.0572369438852402	0.3741779166791619	
0.31382971436044227	0.6014250220074301	0.08474526363212763	
0.5595189670783908	0.2641268306794418	0.17635420224216744	
0.08282158535412314	0.18774427294405513	0.7294341417018217	
0.21813438832309484	0.48546243051690585	0.29640318115999925	
0.4286665552749888	0.09273651632635263	0.4785969283986586	
0.688180203561965	0.12929483099399347	0.18252496544404156	
0.32155115909370763	0.21214074430550786	0.4663080966007845	
0.25933235320956094	0.580022873456754	0.16064477333368507	
0.1891395226041466	0.7726294973051674	0.03823098009068598	
0.42114912968977025	0.207023998088501	0.3718268722217289	
0.022128306800389453	0.20413369516013297	0.7737379980394775	
0.387250668451705	0.5225247122448092	0.09022461930348555	
0.49222758462498184	0.03640176781642773	0.4713706475585904	
0.33771895407544983	0.5087668795004749	0.15351416642407512	
0.41220664983151023	0.07876501331621046	0.5090283368522793	
0.211156883252904	0.6498625793037307	0.13898053744336533	
0.45250244553391494	0.18371784993074838	0.3637797045353366	
0.23620968528876327	0.43107010060171935	0.3327202141095176	
0.4186671414373156	0.5017500349275683	0.079582823635116	
0.4781426356636913	0.4371907101355711	0.0846666542007377	
0.21195058671378564	0.35206983845265943	0.435979574833555	
0.16758297102144168	0.4567931742040225	0.3756238547745358	
0.10333299593973325	0.4217392562684537	0.47492774779181307	
0.24883930337164759	0.39768785858301714	0.3534728380453354	
0.1954194860947107	0.2105190928431452	0.5940614210621441	
0.5621380430493861	0.1807616561691323	0.25710030078148155	
0.45628027518076575	0.535876786458436	0.007842938360798284	
0.43410387370454007	0.39094795831641205	0.174948167979048	
0.4839707193262012	0.27820351640825247	0.2378257642655463	
0.3412750023173031	0.33756277996060147	0.3211622177220953	
0.25521303086494035	0.46908302733986434	0.2757039417951952	
0.05856893357378034	0.459101914190264	0.4823291522359557	
0.22894154133864744	0.46329754105769533	0.3077609176036571	
0.18196263887191277	0.3831655619474686	0.4348717991806188	
0.346558689783011	0.32257787712030617	0.3308634330966828	
0.08138888052935728	0.46879803806036935	0.44981308141027343	
0.031311692863514165	0.3535146138129254	0.6151736933235604	
0.5252911283728385	0.23512403370862237	0.2395848379185391	
0.4383699221349178	0.007046375319450069	0.5545837025456319	
0.36032726133833354	0.48114014457451737	0.15853259408714904	
0.5983908677200409	0.10788770310779512	0.29372142917216404	
0.23731209300156234	0.3284293828412151	0.4342585241572226	
0.20039553444007244	0.5593626507590174	0.2402418148009102	
0.02195279707979618	0.34415020965276377	0.6338969932674401	
0.44377309738189363	0.14989551129837558	0.40633139131973084	
0.5237707735891957	0.3242428718267581	0.1519863545840462	
0.3270818559057813	0.2777742525512551	0.39514389154296353	
0.8525490927753326	0.07095161509211372	0.07649929213255342	
0.25140598317709195	0.2682856206157885	0.4803083962071196	
0.31851504922233553	0.41383315979442653	0.2676517909832379	
0.12156369639080991	0.40312719033937905	0.475309113269811	
0.18729173692096368	0.4479968805637083	0.36471138251532814	
0.20238555902438904	0.21859095248594038	0.5790234884896706	
0.3223109076473242	0.08104354557859288	0.5966455467740829	
0.41388059182760345	0.0730122827870451	0.5131071253853514	
0.25999545004272023	0.5014435237322439	0.23856102622503586	
0.18105588000797887	0.26936217110631966	0.5495819488857014	
0.3651264464028513	0.037749836674795166	0.5971237169223536	
0.32176662646949183	0.493497447016891	0.18473592651361717	
0.30653189088656435	0.10420926862030286	0.5892588404931328	
0.20646382753218098	0.5754197972131843	0.2181163752546348	
0.20733782884132862	0.22790730690601857	0.5647548642526529	
0.3920251360077795	0.2012881376910782	0.40668672630114233	
0.18951155190415822	0.48153659994355774	0.328951848152284	
0.5057709911590047	0.4283241344702855	0.06590487437070977	
0.3159127891766699	0.3140406817960592	0.37004652902727087	
0.5465235041827184	0.1853451356199452	0.2681313601973363	
0.4373789167204661	0.09581589682140812	0.4668051864581258	
0.34916580822825405	0.2627792615249947	0.38805493024675125	
0.11861638790170694	0.4513258674927864	0.43005774460550666	
0.29970337819754145	0.2376433466162006	0.46265327518625793	
0.09783885310060515	0.5129288329273881	0.38923231397200675	
0.21579299562027274	0.4037815056934438	0.3804254986862835	
0.41538806725011995	0.11786142597628556	0.4667505067735945	
0.23876391235340483	0.4087962013395207	0.35243988630707457	
0.45055970320389227	0.26646903448686565	0.28297126230924213	
0.400958228944193	0.09697617663302603	0.502065594422781	
0.12786391304868402	0.05593124349641894	0.816204843454897	
0.5967451768544836	0.12308758989139233	0.28016723325412407	
0.09732924211486012	0.47277975035282865	0.42989100753231124	
0.13441887869748104	0.7762502821965498	0.0893308391059692	
0.08783242679754452	0.40764715914163	0.5045204140608255	
0.5095092800092796	0.1763800260300345	0.31411069396068586	
0.1509223042969285	0.3974467330271612	0.45163096267591024	
0.25558100228806047	0.28624798259524176	0.45817101511669767	
0.641292392983619	0.0478354404148435	0.3108721666015376	
0.33768045827554827	0.2669964608973283	0.3953230808271235	
0.17717073377583462	0.48051857821990057	0.3423106880042649	
0.219053919560466	0.3714906479438433	0.4094554324956907	
0.5593758425003873	0.23489191027962705	0.20573224721998565	
0.5374778483277207	0.16813133215892392	0.2943908195133553	
0.6335085355570588	0.12841380860040735	0.2380776558425339	
0.27593951334048106	0.3830394172379946	0.3410210694215243	
0.5230828341875524	0.3397205938294474	0.13719657198300023	
0.5161269625199756	0.00938488051599993	0.4744881569640246	
0.036812825041816925	0.3766179583501631	0.5865692166080201	
0.18911637563033196	0.7102970914169988	0.10058653295266931	
0.20291111251948543	0.32985128813311887	0.4672375993473957	
0.18925104800706838	0.27989828245176585	0.5308506695411658	
0.4239466223811349	0.04347309103658914	0.532580286582276	
0.021498097190683203	0.96007257524234	0.018429327566976777	
0.15956086298503513	0.433829057503655	0.4066100795113099	
0.07286332634957389	0.24209940433455107	0.6850372693158749	
0.18919608908568394	0.46176794333908877	0.34903596757522737	
0.3100138745548722	0.10970943182567827	0.5802766936194496	
0.33304261893162695	0.5211019915987373	0.14585538946963572	
0.1363851512092108	0.7410555024082648	0.12255934638252436	
0.02508771385004702	0.5527914285073281	0.4221208576426249	
0.4033508834483502	0.23246105770658326	0.36418805884506655	
0.6426466632667971	0.23459226974608183	0.1227610669871211	
0.20605658391351891	0.2803756354457431	0.5135677806407379	
0.19543312943738336	0.45981571487828304	0.3447511556843336	
0.597276470241807	0.35294912610045975	0.04977440365773324	
0.45290300230280073	0.14089792824804684	0.40619906944915257	
0.5144351310320935	0.3452990197774392	0.14026584919046736	
0.32938497051019694	0.11897683999359512	0.5516381894962079	
0.2298949584813255	0.47327882104422864	0.296826220474446	
0.3501617673539243	0.3523454593618971	0.29749277328417867	
0.12302242571037986	0.4856952574350382	0.3912823168545819	
0.214213864042186	0.583006317570048	0.20277981838776601	
0.2082846185979875	0.1830806505229464	0.6086347308790662	
0.28592848305682683	0.442846525956392	0.27122499098678116	
0.24180796893621975	0.4944907248456628	0.26370130621811744	
0.24141440666186392	0.3940016587388633	0.36458393459927285	
0.5421601243677463	0.10642351639683281	0.35141635923542075	
0.4237371822801086	0.19152037574092587	0.3847424419789656	
0.35822927729828763	0.37691918361249344	0.26485153908921893	
0.2836559015552299	0.530190786802091	0.18615331164267912	
0.2177922095760079	0.24908994013495314	0.533117850289039	
0.09709007672236566	0.2954232722235032	0.6074866510541311	
0.5263952633272212	0.23711839707175464	0.23648633960102428	
0.5256044209440691	0.46858748807222866	0.005808090983702096	
0.5417482625889898	0.2648229631452136	0.19342877426579663	
0.442059508278168	0.42134473666861005	0.13659575505322197	
0.33923190402604225	0.2589074344734868	0.4018606615004708	
0.27966209538220715	0.3307536569290113	0.38958424768878147	
0.3166242721009016	0.36878277285278427	0.3145929550463141	
0.5699253219862442	0.2290144879277879	0.20106019008596787	
0.22717259726836816	0.3694476347595722	0.40337976797205977	
0.09087235241102107	0.30203947586617	0.6070881717228089	
0.38558673003685673	0.39694420550377035	0.21746906445937308	
0.5512670265974504	0.4437809254327269	0.004952047969822769	
0.4648694820483082	0.2880256215708773	0.24710489638081448	
0.024479136686510722	0.4274073340123824	0.5481135293011069	
0.5687500180000143	0.25215191317041064	0.17909806882957485	
0.3326304929910017	0.33325368316566817	0.33411582384333005	
0.26865344885743786	0.4060101495911532	0.3253364015514089	
0.565553805445571	0.3151621365483532	0.11928405800607597	
0.5327841596122438	0.365392852190225	0.10182298819753126	
0.14844915258956495	0.635556305685945	0.21599454172449004	
0.19826708354545144	0.5361705193750608	0.2655623970794877	
0.1930269881775829	0.7045665489909169	0.10240646283150028	
0.29379499211216936	0.4163063398401554	0.2898986680476752	
0.040283775445896654	0.8804023600430665	0.07931386451103684	
0.07908485127467928	0.6313364663465344	0.2895786823787863	
0.13546743988460463	0.04367756227840515	0.8208549978369902	
0.46884037419320973	0.3557364355621724	0.1754231902446179	
0.34721749222408527	0.44662281106163304	0.20615969671428183	
0.540238880620878	0.14682053686219015	0.31294058251693174	
0.5423581181432204	0.08896351843432468	0.36867836342245475	
0.4143679099393488	0.5377407033652525	0.0478913866953986	
0.14062559306235958	0.04289373345334118	0.8164806734842992	
0.3514370058507373	0.4432716259207397	0.20529136822852306	
0.41865447082023716	0.477973804827379	0.1033717243523838	
0.41458761588208526	0.29609351665782896	0.28931886746008584	
0.31710754548245346	0.2730630429423219	0.40982941157522457	
0.7372745320987121	0.20463004553966305	0.058095422361624884	
0.3878962532667933	0.3472325118818274	0.2648712348513793	
0.20329994583164016	0.5308894051827153	0.26581064898564455	
0.12182136993337378	0.5623837371157286	0.3157948929508977	
0.5054554372942113	0.36813062193171625	0.12641394077407234	
0.1426638719146879	0.6204337616784886	0.23690236640682358	
0.30042375843107777	0.4605135151841031	0.23906272638481915	
0.17636076931219663	0.4911370898256882	0.3325021408621151	
0.16970629825223543	0.38792289294965304	0.4423708087981114	
0.1284442452669196	0.5545110202193673	0.3170447345137131	
0.44224480723609744	0.10576331943113955	0.4519918733327629	
0.2934048475909849	0.09391838878851225	0.6126767636205029	
0.3825546369172785	0.3269237139479698	0.29052164913475176	
0.5407726245383006	0.36319559484571035	0.09603178061598916	
0.057142904329235675	0.33322632992575907	0.6096307657450051	
0.3298821557000287	0.3046222060957734	0.3654956382041979	
0.5908519594799827	0.27090117244433515	0.1382468680756821	
0.07140047391216446	0.7017536301514741	0.22684589593636148	
0.2676367563449594	0.2942205067759621	0.4381427368790785	
0.3317749838128455	0.2992807847052778	0.3689442314818767	
0.3290809141329495	0.3288466099322167	0.3420724759348338	
0.49131811917012974	0.47416278995099925	0.03451909087887097	
0.02317241339275409	0.4052290471529779	0.5715985394542679	
0.1218909799215889	0.24916697095125895	0.6289420491271521	
0.6717664570173	0.14662555830308502	0.18160798467961503	
0.19574039267791085	0.36020621610340386	0.44405339121868537	
0.43219716761671645	0.1567424454481966	0.4110603869350869	
0.29863402160388886	0.6161566476094413	0.08520933078666984	
0.2264870132272901	0.0681631862099407	0.7053498005627692	
0.2527833564483085	0.5594759084904352	0.18774073506125652	
0.012311587500029062	0.4414569266714734	0.5462314858284976	
0.49318234114410286	0.06750251163715533	0.4393151472187417	
0.14197265165237524	0.5627954795632799	0.2952318687843449	
0.25033920202468757	0.36180376694110433	0.3878570310342081	
0.02764671760171962	0.899514284022284	0.07283899837599656	
0.42217035835479294	0.5516624445223831	0.02616719712282391	
0.41693120286070384	0.39440711398451755	0.1886616831547787	
0.02515701088216384	0.5120774776192957	0.46276551149854045	
0.7022671991401941	0.23724277010025385	0.06049003075955203	
0.182818672357198	0.7177825393854655	0.09939878825733649	
0.5715072100919457	0.3422059951470131	0.08628679476104112	
0.36023237498089355	0.5281147225381806	0.11165290248092596	
0.13452515419360944	0.6192304384138171	0.2462444073925735	
0.4273820369834105	0.19121865918203207	0.38139930383455745	
0.4136108915866442	0.028548897861228238	0.5578402105521275	
0.009591305529601375	0.596088834406727	0.3943198600636717	
0.25567599619415404	0.4699621791785798	0.27436182462726627	
0.4138196476463387	0.15999523278592734	0.4261851195677339	
0.18223885008200436	0.741804823828266	0.0759563260897297	
0.46967905634745993	0.42513405266573584	0.10518689098680409	
0.29274538790108595	0.39147920649095147	0.31577540560796263	
0.7174228316074293	0.020883967213747093	0.2616932011788236	
0.5456159249345164	0.34338716648032613	0.11099690858515754	
0.1980783716603056	0.3676831207093121	0.43423850763038235	
0.2670438753007601	0.4757361794132095	0.2572199452860303	
0.19672615784257533	0.49467696381943305	0.3085968783379916	
0.6870404185674973	0.24954182524950022	0.0634177561830025	
0.13229465061700452	0.38476799280844	0.4829373565745554	
0.48277107201140573	0.1733630089062794	0.34386591908231484	
0.2465399562225404	0.38513281659060516	0.3683272271868545	
0.49189369698516267	0.14277888365875532	0.365327419356082	
0.2503280224681006	0.23800013048956611	0.5116718470423333	
0.49894997305025224	0.39217132502077484	0.108878701928973	
0.43185703471774245	0.21856984605195273	0.3495731192303048	
0.19545296399356932	0.37860766445858335	0.4259393715478474	
0.11808145097153885	0.46558183488476707	0.416336714143694	
0.31451290752383493	0.01814902349963275	0.6673380689765324	
0.1716210600541201	0.17071753924602834	0.6576614006998516	
0.3530783399991071	0.3842687412661463	0.2626529187347466	
0.3663326654499036	0.1498307666675069	0.48383656788258955	
0.3034334597737483	0.44198186216371405	0.25458467806253765	
0.30198238192305465	0.4613060414105767	0.2367115766663687	
0.20526764760760874	0.47678962137720815	0.31794273101518306	
0.05287759433412568	0.5274222802679002	0.4197001253979742	
0.2641276608134725	0.4289106854921818	0.3069616536943457	
0.21507726644800795	0.15240875196276787	0.6325139815892241	
0.2855214250553221	0.451483607566095	0.2629949673785829	
0.3524850846095523	0.33637869245033786	0.3111362229401099	
0.2666942816066808	0.2079074206788171	0.5253982977145021	
0.1787073927229576	0.37077245970154654	0.45052014757549597	
0.4591234420710424	0.5087846080466403	0.0320919498823174	
0.5136390326983542	0.2729517713571177	0.2134091959445281	
0.35670457329294164	0.4619382990974544	0.18135712760960404	
0.05861047135795826	0.4051341895761502	0.5362553390658916	
0.5318112767741617	0.1477129519404122	0.3204757712854261	
0.20122646844936015	0.5707358969003301	0.22803763465030974	
0.2128397114660114	0.23595952448562657	0.551200764048362	
0.18218094766935983	0.28861813595635494	0.5292009163742852	
0.48728088702199196	0.3048929361934655	0.2078261767845425	
0.7277140504958088	0.05857316455810359	0.2137127849460876	
0.6095161035792125	0.14283675793566797	0.24764713848511952	
0.46707612596724446	0.48870827089065166	0.04421560314210385	
0.006626345999181654	0.32064114077118544	0.6727325132296328	
0.5399729186402121	0.07240168845163765	0.3876253929081502	
0.3008952281728176	0.22478677816093087	0.47431799366625155	
0.30162005808869663	0.3283991682842494	0.369980773627054	
0.3735836874616539	0.13820997312251546	0.48820633941583064	
0.37272901074758275	0.4588966485301954	0.16837434072222188	
0.3397672445409653	0.3002909786394606	0.359941776819574	
0.276032020418842	0.4455814302163122	0.2783865493648458	
0.681767417823308	0.2659149513687757	0.05231763080791642	
0.2167027405273352	0.6153018682255335	0.16799539124713136	
0.08679899337005975	0.7079766433258857	0.20522436330405452	
0.3146801618297239	0.2086317938048775	0.4766880443653986	
0.8761413947993449	0.10542504208972533	0.018433563110929724	
0.2189587215281718	0.6036784868304538	0.1773627916413744	
0.5845419106135231	0.10216343792338593	0.313294651463091	
0.31629094708343986	0.2771014705488763	0.40660758236768385	
0.3314475309992159	0.17397616087658352	0.4945763081242006	
0.25485899458598155	0.28184200324011366	0.4632990021739049	
0.24215771970483527	0.29041575601762976	0.467426524277535	
0.08884420764104276	0.6848943505661601	0.22626144179279717	
0.37308843522011165	0.45642193307823603	0.1704896317016522	
0.25265407439882304	0.5618402037642576	0.1855057218369194	
0.19986626069146302	0.584906484304273	0.21522725500426382	
0.5497226121584327	0.10378824974101222	0.3464891381005551	
0.6424394308191563	0.2028074632311361	0.15475310594970754	
0.2372139981684327	0.08218639067526097	0.6805996111563063	
0.09435513240186987	0.4414714158754393	0.4641734517226908	
0.30283422651633185	0.013028344625011715	0.6841374288586565	
0.5516781603868937	0.38060827076224074	0.06771356885086559	
0.35890691806080716	0.15057325775938687	0.490519824179806	
0.3893742867154072	0.3492338291266066	0.26139188415798625	
0.3717281249328547	0.2804383482452384	0.3478335268219068	
0.40771995828125634	0.25355389140387524	0.3387261503148683	
0.15270751140306574	0.3466838768146164	0.5006086117823179	
0.3572648915047072	0.3471429000986593	0.29559220839663347	
0.4119096551961601	0.31007132348301325	0.2780190213208267	
0.1361236481226128	0.765984038832872	0.0978923130445151	
0.21219804525321614	0.3607296329719958	0.4270723217747881	
0.2501958380964985	0.38033857747540256	0.369465584428099	
0.2806064851053681	0.2910664486229487	0.42832706627168315	
0.6353406223979617	0.13493404901695888	0.22972532858507938	
0.6174078854547913	0.2652550194305814	0.1173370951146272	
0.7386041924770154	0.14671735203584538	0.11467845548713924	
0.6073629012446952	0.02217305918186482	0.37046403957344004	
0.37076817507642085	0.1785753139109191	0.4506565110126602	
0.3367882238648242	0.30979666505100084	0.353415111084175	
0.5035370814723384	0.47011676187788765	0.026346156649773862	
0.6880812146989977	0.30482128848905504	0.007097496811947185	
0.4012090745126119	0.24057091234473937	0.3582200131426488	
0.5010646700587426	0.098552232276031	0.4003830976652264	
0.12128013302259973	0.3499292399881648	0.5287906269892355	
0.03363538888215997	0.5258344274456197	0.44053018367222035	
0.4920068196402626	0.43367664600566463	0.0743165343540727	
0.3684665100361877	0.45713599726584725	0.17439749269796512	
0.22552430143282273	0.2572368551835546	0.5172388433836226	
0.282782652996609	0.22360776566567206	0.49360958133771893	
0.43105945439530563	0.3155242299716651	0.25341631563302924	
0.6017708425284475	0.01321005972886935	0.38501909774268317	
0.02792025264318156	0.5313108372478943	0.44076891010892416	
0.2243979097632554	0.07097393014713313	0.7046281600896115	
0.16730234970797983	0.5206862661593157	0.3120113841327045	
0.6756248744140202	0.05600669598755004	0.26836842959842977	
0.06215495592630827	0.39173662424281547	0.5461084198308763	
0.13507347785559917	0.3904159330741527	0.47451058907024823	
0.2552287354950837	0.36586425481359447	0.3789070096913218	
0.3689094957672718	0.3893972043124474	0.24169329992028085	
0.3687096385862779	0.2890357226951563	0.34225463871856576	
0.20629735291423434	0.1525900033610648	0.6411126437247009	
0.84936528721587	0.04378777488233949	0.10684693790179052	
0.20205091280972448	0.2571267983260164	0.540822288864259	
0.372519034946479	0.5094042457728302	0.11807671928069087	
0.22633106925853258	0.5102293425702088	0.26343958817125857	
0.3735833489452161	0.2209956084067775	0.40542104264800644	
0.39071756171144745	0.2541945526115824	0.3550878856769702	
0.008827179033966584	0.40305177731944786	0.5881210436465856	
0.18599781213762237	0.29168538197075333	0.5223168058916243	
0.39953799600831036	0.37595314112641703	0.2245088628652725	
0.28112460363550384	0.2700546477274378	0.44882074863705845	
0.4298907500524101	0.45932668679158134	0.11078256315600847	
0.39593794228819945	0.5175995545565548	0.08646250315524578	
0.5600868681597424	0.4180086774885335	0.021904454351724115	
0.21357331924798495	0.5810121311010115	0.20541454965100356	
0.22161607538920056	0.5407295187613281	0.23765440584947142	
0.027750299750232688	0.7704374201027401	0.2018122801470272	
0.043895407336948536	0.46561261915371716	0.4904919735093344	
0.39652503858838867	0.24161748883442224	0.361857472577189	
0.02939585732620156	0.42350660764312525	0.5470975350306733	
0.4278463149334478	0.45380443879655635	0.11834924626999589	
0.604173957612223	0.27016070736271536	0.12566533502506153	
0.3402992720599291	0.31763825048823374	0.34206247745183715	
0.2893283799992403	0.35965691143451867	0.35101470856624095	
0.3319408016624041	0.298227638274163	0.3698315600634329	
0.6371125273814319	0.13486615882258512	0.22802131379598298	
0.4068304517032603	0.015391981779834054	0.5777775665169056	
0.01660326000470609	0.6374599360749987	0.34593680392029513	
0.2009473191403199	0.32060504080039837	0.4784476400592817	
0.501062495595933	0.12152480292705678	0.3774127014770102	
0.23591611638595078	0.6789049554444442	0.08517892816960501	
0.34788180723361317	0.1981761537247676	0.45394203904161917	
0.1225777976566621	0.4850098260668036	0.39241237627653425	
0.4958510202476968	0.02017886435653266	0.48397011539577056	
0.13121953717098395	0.4103839529203973	0.4583965099086187	
0.40124678826262195	0.5583571725478742	0.0403960391895039	
0.110946433536335	0.48277023467239283	0.40628333179127224	
0.4705510206189776	0.29368413441347024	0.2357648449675522	
0.23348437634221422	0.06850519721158292	0.6980104264462029	
0.5365759369658034	0.0777289242625909	0.3856951387716056	
0.01290089181490432	0.4328002367157055	0.55429887146939	
0.4067713935766582	0.4787415975766112	0.11448700884673059	
0.37924118181036287	0.4955998568956865	0.12515896129395065	
0.32215989865015826	0.25992445605083064	0.4179156452990112	
0.4152369710603811	0.39179967802475624	0.19296335091486255	
0.42354456381768285	0.26644773178254033	0.31000770439977676	
0.13359261217932417	0.7569784722890861	0.10942891553158964	
0.4080583147841111	0.49880904844827595	0.09313263676761308	
0.27198822422088237	0.05729808448115109	0.6707136912979664	
0.31498671275816703	0.32803067217978865	0.3569826150620443	
0.05570181151609882	0.49398401670090286	0.45031417178299826	
0.48920651096207096	0.03671366436375215	0.474079824674177	
0.5195961183294987	0.34193460625683564	0.1384692754136656	
0.11584030593737332	0.4274287606198245	0.4567309334428023	
0.008459165100338447	0.6322486728923937	0.3592921620072679	
0.6788713528245138	0.2706419750342738	0.05048667214121231	
0.27601894321691317	0.7034645404797303	0.020516516303356623	
0.954978858690457	0.03405409043369516	0.010967050875847924	
0.45042019763117624	0.45487681899295496	0.09470298337586885	
0.5620041144342236	0.2511667624509165	0.18682912311485989	
0.1307347504417092	0.3598191184510618	0.509446131107229	
0.6325703526351252	0.03249974877441083	0.33492989859046396	
0.1638306446340244	0.32040996994607646	0.5157593854198992	
0.13664292978536874	0.41228415274299257	0.4510729174716387	
0.2587002995896818	0.3105140202595598	0.4307856801507583	
0.12031177489079999	0.69919038217902	0.18049784293018006	
0.16540426388258844	0.43644312443777106	0.3981526116796405	
0.10433900291585903	0.5117746627338016	0.38388633435033936	
0.6870469941827811	0.2523676023429202	0.06058540347429862	
0.7022908435347986	0.012644421255264065	0.2850647352099373	
0.1070495778264145	0.7059651948108658	0.18698522736271966	
0.29599300832637526	0.4064317350560842	0.29757525661754053	
0.0046345414511809405	0.34567647498854115	0.6496889835602779	
0.11718788264253421	0.4323377190075032	0.4504743983499625	
0.34161383701058645	0.340860905461687	0.31752525752772637	
0.33201648116597243	0.3843866949783818	0.2835968238556459	
0.061611543480014484	0.6833908677100792	0.2549975888099062	
0.5335414491319271	0.30357336518708367	0.16288518568098925	
0.3968997173229097	0.16202979915781915	0.4410704835192712	
0.17405985972466478	0.3206739242121056	0.5052662160632296	
0.2226026483457986	0.1539541657162825	0.6234431859379189	
0.19324112481189587	0.39566211650282707	0.41109675868527706	
0.364718190445153	0.6226948415520769	0.012586968002770161	
0.7033897460136576	0.1853893552706185	0.11122089871572392	
0.07418441721439278	0.61256605824931	0.3132495245362973	
0.1525127778358237	0.5689638080171144	0.2785234141470618	
0.3835383744855859	0.2699813134067254	0.34648031210768876	
0.3538758653091884	0.5005827896791891	0.14554134501162258	
0.3542905419071177	0.11070260846816724	0.5350068496247151	
0.34809328640360493	0.33523583737718315	0.3166708762192119	
0.42919068357857926	0.06691135532070022	0.5038979611007206	
0.3118765951651138	0.6160811706611795	0.0720422341737066	
0.6219220364368137	0.27176449779992085	0.10631346576326556	
0.11724700566135655	0.23094182708729163	0.6518111672513518	
0.3224357638221271	0.14712475050104235	0.5304394856768305	
0.28473352380689504	0.18485745781987575	0.5304090183732292	
0.6986561832217226	0.029450541178385862	0.27189327559989146	
0.40102384019368237	0.40851275302450035	0.1904634067818173	
0.31576967285257834	0.18516210967512567	0.499068217472296	
0.31054699005931874	0.4153314937163958	0.2741215162242853	
0.37885366364945156	0.41665095877842856	0.20449537757211986	
0.17567175375361288	0.6010869936413749	0.22324125260501232	
0.15086416689580143	0.27598216195247854	0.5731536711517201	
0.2877329384950402	0.38735121005836604	0.3249158514465937	
0.023516083843371925	0.8168213187830271	0.159662597373601	
0.30245267145018784	0.44151452930331453	0.2560327992464977	
0.2537283834506127	0.43464216055294536	0.3116294559964418	
0.13728824033931122	0.3864455650546432	0.47626619460604547	
0.1970772703358773	0.6112018292240037	0.19172090044011905	
0.3748576180565455	0.3059224291327296	0.3192199528107249	
0.20418795959224656	0.48808733746913385	0.3077247029386196	
0.5671695179947328	0.1236796271719465	0.3091508548333208	
0.11468929505689106	0.10476711707427866	0.7805435878688303	
0.18707338051750091	0.5872578476059558	0.2256687718765434	
0.14205939880948482	0.014724938589578405	0.8432156626009368	
0.8122136981074684	0.0486573969971236	0.13912890489540788	
0.40202843473097777	0.21526898843997605	0.3827025768290462	
0.3542501257022939	0.15728398371356037	0.4884658905841457	
0.4635183919064728	0.09021966472565977	0.44626194336786745	
0.5324147837391014	0.4246204772056572	0.04296473905524138	
0.5461261163398439	0.3196062308562081	0.13426765280394798	
0.28556163608815943	0.4566377493317131	0.2578006145801275	
0.1455879131021225	0.7925004945559145	0.06191159234196298	
0.06025258169775554	0.45833250946975035	0.48141490883249405	
0.6344031786780212	0.1315108925998888	0.2340859287220901	
0.4386100890331402	0.27263840268265904	0.2887515082842008	
0.44844291574068845	0.2997719519819065	0.25178513227740495	
0.3188527387411307	0.3359772851199021	0.34516997613896727	
0.3904428907592924	0.4040381713312115	0.20551893790949607	
0.5095036498409318	0.04110988338502986	0.44938646677403826	
0.2219225858821474	0.3435832504002692	0.4344941637175834	
0.3857352127554707	0.4075539054757031	0.20671088176882618	
0.28073612133399367	0.045620180883563476	0.6736436977824429	
0.5272020496330592	0.19767023896731323	0.27512771139962755	
0.4455350571710053	0.2526853150737196	0.3017796277552751	
0.4765163016391371	0.2601801702323759	0.263303528128487	
0.05069762683796969	0.3374486839487424	0.6118536892132879	
0.4736229865289266	0.5125916521408199	0.013785361330253472	
0.25092066674100194	0.4926484874776712	0.25643084578132697	
0.20558191017297722	0.6456368357988632	0.1487812540281597	
0.3778478781737502	0.46875902546348613	0.1533930963627636	
0.4173098637386096	0.36235107866976757	0.22033905759162292	
0.13274378542656598	0.4597217533791691	0.40753446119426495	
0.15318120975649344	0.489840262893618	0.35697852734988855	
0.6423404715937777	0.13529628257915724	0.2223632458270649	
0.4607520321995416	0.18276213879356012	0.35648582900689835	
0.030094496689482563	0.23378495560638238	0.736120547704135	
0.3978919882754127	0.17219311128863735	0.42991490043595	
0.2253794796775883	0.40234673333764265	0.372273786984769	
0.3227489737113466	0.0719644047652187	0.6052866215234346	
0.49233742961123617	0.11898954496489456	0.3886730254238693	
0.358713279294741	0.4975174311575867	0.14376928954767232	
0.702684849298349	0.2046081096914651	0.09270704101018597	
0.5531762911328262	0.3727200661423746	0.0741036427247992	
0.46684807336018497	0.2535197215075901	0.2796322051322249	
0.3813727659628079	0.20917348073904599	0.40945375329814615	
0.012135899462536095	0.18898750793209076	0.7988765926053731	
0.16816186032881225	0.34700992493699506	0.4848282147341927	
0.5745114574313185	0.27027270888612304	0.15521583368255848	
0.3530441983975876	0.3391783542069616	0.3077774473954509	
0.34150645295178333	0.30094164366483633	0.3575519033833804	
0.13730169474202156	0.34915236199812577	0.5135459432598527	
0.3991733984859036	0.3599466722013747	0.24087992931272167	
0.1346655485801039	0.5070714401641967	0.35826301125569937	
0.011693013500210358	0.5577786469907723	0.4305283395090174	
0.512054748264793	0.48598280877555633	0.0019624429596505908	
0.4450379413007773	0.13660708552046713	0.4183549731787556	
0.827519785895767	0.10836570909020597	0.06411450501402714	
0.5356347668813218	0.2704296772185729	0.1939355559001053	
0.5023205408482168	0.11275313050953396	0.3849263286422493	
0.05651375092066335	0.5303716645073262	0.4131145845720104	
0.4227363200724469	0.46613815868700526	0.11112552124054792	
0.3648296726845784	0.4021763773004725	0.23299395001494916	
0.43326009822098366	0.23815952610166585	0.3285803756773506	
0.34635366287033037	0.3202846285482893	0.33336170858138026	
0.07258331743307574	0.8326313687177633	0.09478531384916107	
0.5482112641651656	0.2677815895295819	0.18400714630525256	
0.41106286785683804	0.5880979987226448	0.0008391334205170355	
0.14256097108749913	0.5998223472983646	0.2576166816141363	
0.47570483745647024	0.35757393084367123	0.1667212316998586	
0.2158505744289347	0.38762880651379356	0.39652061905727193	
0.30328451276159596	0.34126551776419206	0.3554499694742119	
0.16699318608505365	0.7585347705780191	0.07447204333692713	
0.680062978981651	0.1576693916366377	0.1622676293817112	
0.22265562152668703	0.28577064332388186	0.49157373514943103	
0.5817788626759021	0.18237934663264344	0.23584179069145453	
0.38851628676598	0.2188702343437034	0.39261347889031667	
0.47491494314918503	0.24728336996820535	0.27780168688260964	
0.39415941856751285	0.23641887371117934	0.3694217077213078	
0.2194228038478147	0.5123463708985007	0.2682308252536847	
0.4032015432584163	0.5630057014730073	0.033792755268576356	
0.2206247488338477	0.09632983633711163	0.6830454148290406	
0.24304249473459086	0.48457306617619544	0.2723844390892137	
0.4738925439143171	0.14415855599620478	0.38194890008947807	
0.34545703113828746	0.48918007402231584	0.1653628948393968	
0.6468914310698651	0.097065324416743	0.25604324451339183	
0.4075857277284315	0.05903919953561481	0.5333750727359536	
0.0440803586548472	0.6612018217528735	0.29471781959227944	
0.1243642186448757	0.7929178910187635	0.08271789033636062	
0.039202521044248845	0.3682117350845674	0.5925857438711837	
0.26717596460670967	0.3069935133179628	0.42583052207532757	
0.5025716492224898	0.4670290618395205	0.03039928893798965	
0.33830675888160955	0.21704156191401802	0.44465167920437243	
0.7324978273597034	0.24016235580857678	0.027339816831719852	
0.3705591036436023	0.32177833870529066	0.30766255765110717	
0.36952144188196095	0.36282098875541063	0.2676575693626283	
0.4017582145204861	0.593317356967636	0.0049244285118778585	
0.2876641305306743	0.2488689162445652	0.4634669532247605	
0.2548378455772561	0.645564885063817	0.09959726935892699	
0.3152530616017864	0.30263906628495385	0.38210787211325975	
0.39253421866449567	0.1115640041201722	0.49590177721533213	
0.4380644034250452	0.15029276328080737	0.41164283329414747	
0.6840992868177358	0.07351483293379382	0.24238588024847033	
0.3411389149777521	0.2827350225570765	0.37612606246517144	
0.6412860051912807	0.21546478412754777	0.1432492106811715	
0.507192757133653	0.3609576884178649	0.1318495544484821	
0.24013623385826618	0.573225086852273	0.18663867928946076	
0.3161235303934137	0.03203807432006584	0.6518383952865204	
0.21069553230377425	0.4556306383096575	0.33367382938656814	
0.31623174954471606	0.344133126373034	0.33963512408225	
0.339051067587708	0.3988119872085139	0.262136945203778	
0.47153877335144484	0.17410795041375982	0.35435327623479534	
0.08992036195813592	0.6795970993435835	0.2304825386982806	
0.44268818155248596	0.38547972706654504	0.17183209138096903	
0.4896577983267713	0.060685723193209896	0.4496564784800188	
0.07453925734374504	0.7073306200611613	0.2181301225950936	
0.3151941067691011	0.35122415409809843	0.3335817391328005	
0.4123372941737536	0.008399461999939068	0.5792632438263073	
0.3283098069095524	0.6459874190322477	0.025702774058200106	
0.41126050835547556	0.09613905822968005	0.4926004334148443	
0.1852189324414054	0.47115530814940904	0.3436257594091856	
0.35121719213184976	0.33074046420639797	0.3180423436617523	
0.3439764802402316	0.13101988293194541	0.525003636827823	
0.2968222827412062	0.39230423905014716	0.3108734782086466	
0.0806594869304254	0.2163618217049798	0.7029786913645948	
0.7087788154641411	0.014813057198273761	0.27640812733758513	
0.3934897723798843	0.05023428029433727	0.5562759473257785	
0.21446301393976439	0.3296674827097308	0.4558695033505048	
0.5484617425391018	0.36164319062088623	0.08989506684001199	
0.16991614878397948	0.4294269309457593	0.40065692027026123	
0.3209305969875824	0.3901165458552394	0.28895285715717817	
0.42517721331637237	0.43111278741810355	0.14370999926552389	
0.537814711471908	0.289459419047801	0.17272586948029106	
0.11877180954483116	0.43816019159983544	0.4430679988553335	
0.24422588838218562	0.3613421030465423	0.3944320085712721	
0.23163802896466984	0.31933142540357484	0.4490305456317553	
0.769793505910604	0.09659452084127143	0.1336119732481245	
0.313837627927276	0.2952758276950784	0.39088654437764575	
0.8827074737927165	0.10769498861007468	0.009597537597208838	
0.0550980725770156	0.8517419900519575	0.0931599373710269	
0.40508127347445866	0.35022603497212634	0.24469269155341497	
0.30165921356695924	0.006165905446295162	0.6921748809867456	
0.48793687629818394	0.1610074697072891	0.351055653994527	
0.40720663175430705	0.25949033208124506	0.33330303616444784	
0.4004515386523121	0.26099511535404857	0.3385533459936395	
0.3237951875566777	0.6489429017212076	0.027261910722114625	
0.13597355966566374	0.663179967440455	0.2008464728938812	
0.19936092587390736	0.39776336020237896	0.40287571392371363	
0.6036370497853039	0.15414399812260665	0.24221895209208946	
0.5188659231074111	0.2849011220849611	0.1962329548076277	
0.22402833131874703	0.539595041814049	0.23637662686720393	
0.4565601063198637	0.13587694378327306	0.4075629498968631	
0.5186896713518365	0.15646661581108195	0.3248437128370816	
0.342107049947531	0.46469500083250875	0.19319794921996028	
0.6181437736946025	0.3158052969302922	0.06605092937510536	
0.1766686778474956	0.4522037128204068	0.37112760933209765	
0.5408413982172788	0.2716417516267052	0.18751685015601582	
0.32942065464613113	0.3378161761921761	0.33276316916169274	
0.4917356031929269	0.4680619387720214	0.040202458035051535	
0.059365543402628715	0.44701810495925315	0.4936163516381182	
0.21375150966844036	0.4311500735436378	0.35509841678792176	
0.26881756645047344	0.2337175925696459	0.49746484097988064	
0.7089785954103132	0.26486344730555345	0.026157957284133313	
0.16294922625540714	0.4574391043435113	0.37961166940108154	
0.392883929713324	0.23166443615183727	0.3754516341348388	
0.26843885236104215	0.31773346548274084	0.41382768215621696	
0.0975038103616958	0.06944369574699742	0.8330524938913068	
0.04385844306284008	0.4692003166663553	0.48694124027080454	
0.18562220870886212	0.4628644858203522	0.35151330547078574	
0.267934423818135	0.6850763881149017	0.046989188066963485	
0.38781282332301603	0.45048978606593154	0.16169739061105246	
0.4197784667533866	0.2921885085020123	0.28803302474460124	
0.33273248028226593	0.14321951211024508	0.5240480076074889	
